544
7224
5409
4183
4725
8340
4929
1936
8683
1
9773
6180
568
8911
6599
4540
1540
5699
4174
1286
7904
4317
9509
1344
8503
1803
1810
822
660
2685
2516
3320
2980
1001
3737
7471
8749
4032
1822
9873
9312
1968
6696
3955
2859
2699
5203
639
9713
1304
969
6247
158
7897
3941
9672
1702
2509
5321
1506
7277
7094
781
8199
2605
6733
7960
5650
3139
4132
6211
2538
7946
2093
8604
3319
3965
362
5689
6741
6471
6005
1023
7030
1533
4784
1345
8701
1630
8223
8204
3640
8074
1685
3555
6525
2033
4140
3718
4457
2717
7897
216
8996
1747
7711
7841
8825
2886
323
977
9509
1085
1248
5415
734
3397
7996
8097
5350
1257
2698
9093
2287
7746
6722
2703
5362
3354
4702
923
2347
6469
3798
1077
8487
6722
7294
1023
6048
8318
2990
1875
4712
7835
6850
122
2709
9583
4227
9533
8412
9631
823
2586
9073
6221
8916
5208
253
8575
8267
8222
4337
7539
5058
1154
2122
2192
1074
1806
4357
350
9683
8775
1061
7081
5460
928
4867
8082
7695
7804
4086
806
2012
4788
1107
2051
2501
408
7542
3641
283
233
6466
1533
8583
2390
1189
5252
5955
8741
4144
7069
938
2725
1909
6960
9788
9585
4609
9350
7991
183
5981
4920
9587
3306
3759
6253
9852
8294
4823
1646
9030
8610
3031
989
4956
154
1617
6310
3369
189
1288
9652
4811
7124
2480
1686
916
9349
8663
5236
2227
9062
2344
8189
5858
1718
8957
9538
865
2905
3253
697
84
8210
2119
9834
2281
3862
1206
1854
348
3246
997
42
7502
493
8173
8790
7219
9443
940
7282
6731
4721
6064
1835
2579
638
9653
1243
6349
7242
6939
2207
157
5393
75
4461
2342
1890
3467
3381
6756
976
1200
8807
4427
936
1796
3573
8208
3364
2985
3963
8743
7024
205
396
493
1115
7054
8703
1862
2817
1855
5370
6026
5254
4267
8189
6139
1125
5481
1234
8058
714
3617
3443
8522
9981
5263
4653
7925
3344
757
676
255
6490
6934
23
7016
5702
3392
5110
3877
101
4153
993
7297
7163
5854
8498
1120
4649
39
6301
2548
5766
3759
6679
868
5971
3427
6725
4313
7583
5081
2519
2475
457
1363
6341
1324
3988
1924
1656
6386
9152
4626
4892
9179
3686
4252
2564
9485
7892
1806
7247
8588
938
5395
2634
4527
7908
251
2262
7076
8553
9501
8747
7523
6915
478
1053
3729
8768
6930
8158
4294
6840
5938
6196
6945
1664
9903
7260
1578
5871
86
1583
136
2543
3317
6820
4548
7142
5404
4279
9822
4693
1352
5545
2271
8977
1436
4711
4607
4336
6481
4127
7255
8998
3696
112
1465
6673
7037
849
8031
4258
1590
4597
2290
93
3339
5518
2428
146
4897
4640
3455
8717
6226
8791
2807
2106
504
2875
9934
958
6906
1539
5839
5506
2613
6856
9213
257
8142
8524
7620
3844
3207
4890
6368
140
5072
863
573
5744
2144
5753
4479
9303
3508
8527
1668
4120
1352
4418
2982
5936
2788
995
8132
4132
4808
5493
6724
3767
6731
707
3874
2239
928
1605
5900
2435
3610
7455
1681
7879
3506
5035
9463
3868
6374
7257
5068
3489
3364
1523
927
9775
8040
5558
368
7763
2578
5630
6133
3453
107
9216
3999
473
8153
2734
3405
3771
7842
6823
2127
1153
4446
1517
6109
4100
719
6107
6744
8270
6725
9687
8241
7250
6525
5220
6298
4409
2858
7419
9642
905
8295
27
2725
1931
8460
1278
2538
4140
447
4654
4734
6980
604
9240
6650
4886
9000
1439
4113
1639
99
2180
9461
9107
1436
4134
586
7196
4457
4324
7818
2612
3415
1578
154
9581
7295
780
7021
7806
2362
6332
1544
4665
6726
1090
1686
923
1929
3773
1037
7428
1253
1125
257
7592
1453
1682
5415
8837
6359
354
1293
4870
3074
2007
3912
7047
7514
6400
8941
5001
10
6938
1044
8632
497
4965
4650
1804
9545
555
598
3517
5364
6415
3599
3690
1815
339
3883
5468
9419
5596
763
2710
3137
8074
8069
304
6614
8306
7682
229
1912
174
9242
8425
4248
7609
1804
2463
9072
6163
627
3977
5015
1260
8053
2657
6018
3342
8301
40
4670
5147
828
4366
6027
9001
5915
449
2267
7211
8228
8425
9307
7747
290
5939
2177
772
5014
8268
7063
1901
9868
2465
7431
9410
7789
181
8584
5325
2965
6163
7783
5718
616
5108
2425
942
4417
3698
1248
5442
8395
7102
7228
9982
324
960
1428
7824
6207
6093
1094
8767
6280
2221
7243
7932
4269
1758
9518
7847
8619
4259
9071
1797
7623
6177
1266
4208
8063
1387
509
4800
4368
4204
1731
9673
7464
8390
1018
4373
2910
1544
9764
1923
2577
7141
956
7199
2863
3315
927
2165
2456
945
6253
2880
3873
7549
5279
4344
9485
7204
4412
1468
9625
9179
9895
3771
742
9950
1835
4873
5485
1735
7162
3456
9614
6241
2482
8133
698
589
4865
925
882
6885
1690
5616
8063
3471
984
5517
8835
9957
9187
6638
3247
2979
4289
8924
3943
784
7710
1558
4355
5280
3935
7919
8535
3656
8676
4966
6038
9748
2716
9241
5058
631
2381
6124
3415
4161
388
1591
4409
6341
1242
2046
7146
5291
9576
5941
65
8387
7116
5507
1080
3996
8988
1254
8628
340
2730
5240
7210
8464
4121
9153
4288
1390
8271
9372
8754
1337
9292
3358
4791
2637
8858
8277
8835
7308
3141
5325
253
5377
7628
2809
7284
6738
5017
9104
3933
3435
781
7045
5376
1449
4208
9627
5397
2419
5640
8105
5737
2688
4519
1307
9477
5781
7722
3690
5888
6190
3391
4509
1476
3952
2535
5631
1887
8332
2973
1266
4939
6902
8069
9012
63
3846
7432
6561
6119
398
943
1146
1618
174
1150
85
7179
2293
931
2725
4251
601
2527
5083
540
9737
6997
6685
4945
2336
7600
6
1348
2588
10
3086
864
5072
3738
11
8944
1591
813
5095
3719
1723
824
4037
8594
6581
3453
2063
7162
7941
1005
1105
4543
2404
8045
1995
9346
3815
6363
4515
6545
1927
2195
7289
201
3279
6861
9727
38
2918
3753
8169
7727
9534
670
4433
5328
5404
5967
2767
6231
9881
5840
791
9795
584
5655
8130
5274
6569
1590
2609
1435
2541
6552
7423
563
5355
8794
5159
7555
8115
140
8055
6625
9009
8840
6707
6510
3411
2722
3677
5897
1294
9536
6515
754
1423
1676
7737
4049
5902
24
105
5064
567
5186
2600
8342
2460
5320
7147
6094
1573
3293
1289
1767
2586
45
5987
4949
4834
8141
1409
7896
8557
5622
3119
9395
8255
2596
8472
7056
5853
6042
1442
4002
1101
377
2475
1690
8953
3248
1761
9471
37
8405
488
4568
8674
1717
4327
9899
1793
9593
1428
7868
2316
8650
9602
4142
4001
2310
6840
5741
6432
3971
6292
8495
8823
6276
16
9896
3468
4874
3699
717
2603
8076
507
2044
4417
618
713
5370
4296
782
9741
5980
9187
9732
4661
2635
2237
4891
2656
2689
4685
1932
5720
8009
765
1675
4271
2310
603
1821
120
6546
1791
2313
7818
6811
8462
1761
1057
9049
9167
5587
7365
770
4524
2698
3919
6193
587
3515
7977
5013
3629
9069
7717
8454
1846
5544
2065
3886
1999
8433
2345
8421
1401
2997
3901
8781
5427
2885
965
5071
6653
5296
6931
838
5181
7943
4392
8122
98
4301
9241
960
2248
2781
2739
496
9339
8721
3533
2406
6960
5616
1389
1486
1424
2183
9085
3466
6966
6587
207
2326
3819
3070
1615
3150
3983
6881
8328
942
1403
9705
5130
6073
3797
9797
2635
2942
5636
6686
2123
2952
4597
2527
5196
5637
1437
6568
1473
7514
5168
5422
2710
3381
1153
2245
2369
1971
794
6416
9368
6387
8559
7896
3171
4266
270
9564
6179
4888
8249
632
9059
7275
9992
2121
8638
1682
6136
4719
9714
6565
1929
8500
7635
2788
423
8028
3458
9933
1446
14
3615
9874
9668
8914
1437
2282
5161
2555
7382
3574
2578
2551
1646
8887
9727
5604
3516
2414
5337
8149
1302
2932
2344
3189
8301
8779
5124
3036
5225
9732
7739
9392
8566
8803
722
7438
1311
6928
7935
8569
1641
992
3606
5682
3268
6899
6355
5208
5789
7071
6744
242
8743
6221
7479
651
9420
1570
34
60
5791
9665
2976
7297
1411
7022
5603
2789
9185
614
9560
4591
5750
8350
4207
9601
9547
8793
3932
4190
3881
9646
4876
9021
621
1641
972
7531
936
593
583
3765
9354
858
7502
262
9040
3132
541
9998
300
8579
2508
2468
7268
7768
9603
1293
4957
2112
785
9598
377
5044
4911
2686
8830
1697
1360
9807
4186
1728
1788
3455
7892
7273
2093
314
9733
3875
6889
4898
3206
1663
2450
9537
9611
8886
139
7918
7281
4464
8444
6735
7556
151
7143
8542
3044
27
6987
8943
2969
4535
4857
5841
2229
5700
9029
8803
7000
3517
1119
1800
7002
8002
2099
8622
8660
2257
4046
5740
2080
4593
9939
9162
9090
1073
4221
9605
9015
3105
2165
4659
5246
8863
2277
2275
5427
1301
2094
7033
2979
7232
2055
6889
8557
9636
2904
9106
4454
3183
9142
1198
992
8539
9807
6998
1116
360
1144
7994
3037
4698
2709
3234
3135
2702
7194
7055
2168
6530
6575
8405
5038
7718
9177
8221
3593
366
2279
4166
6730
649
3897
908
3435
711
8552
8620
9465
7014
6338
470
4720
9709
405
9204
3990
8797
7870
810
2139
9445
6498
6271
1935
5814
6012
6795
5605
7894
6376
2465
2150
2856
6368
5055
7673
43
950
3427
8593
2018
2273
6737
4216
7572
1307
8130
1019
805
7690
4351
3877
933
9085
3310
9360
7111
2282
2716
1401
7221
1157
3692
4308
9986
2499
2303
4209
2144
512
1844
5421
5571
2078
5602
4987
1622
4672
9364
8196
2668
2390
5892
6461
7482
1369
3227
2696
6419
4521
9031
1102
3412
7476
1326
3724
5905
7818
419
5163
1615
6719
2551
6564
4323
4001
6049
1043
2491
9563
7745
5355
940
5594
8289
3979
8412
3581
2445
7024
2225
9922
7893
5371
5433
8766
2640
5076
6459
1277
7347
3199
9726
3324
787
30
4137
8642
8935
2471
875
5478
1906
2024
5228
509
6271
2136
3107
7459
6717
8815
5001
2492
4397
952
9549
8891
4858
8278
3946
5875
2905
5990
2279
44
49
3524
7325
1721
5292
9904
8606
6183
4270
2961
8819
1000
278
4410
9319
3473
50
7005
4435
9665
2744
6830
2089
8755
7299
1865
9877
805
4315
2823
672
8106
4856
4444
5415
4077
791
8980
7580
4184
5518
8784
5915
515
7085
7595
4864
3600
7477
1923
3895
8455
4542
9140
7748
2462
4772
4070
4980
2075
6209
762
1907
237
7985
1584
1919
1672
5745
9726
9757
719
1817
2572
1003
390
876
6259
390
8552
2286
9127
1501
999
1574
722
4053
8387
3108
5588
6431
813
5092
7416
5815
5132
6003
8968
4029
2816
7873
7171
8233
5764
1432
4334
2251
4313
1549
6585
4913
7777
1556
2803
9053
7321
264
8801
1366
3643
4700
5739
622
6035
411
6471
5059
5760
6503
9243
922
3709
6768
9661
633
3569
8115
3773
1507
3860
9797
6997
4746
2227
624
9599
7567
7029
8910
8376
2878
1311
4659
9076
3161
9108
7952
9394
2369
8289
8100
7521
5452
5673
7734
6083
8483
4349
1105
4753
5371
5726
2031
4767
4567
1589
4153
322
7276
4851
5981
2223
7381
1508
4658
1541
8872
6522
1976
3726
8840
3159
7667
3074
2460
9611
9642
1405
2304
9823
8971
8066
4123
3424
9297
7712
1889
1520
6760
5476
7626
8938
1824
1966
3731
325
1856
6008
9027
9883
7549
325
8400
9546
5868
407
8771
7082
7076
8372
2057
7680
8536
1433
2795
3890
7283
1423
1521
7484
9620
5261
7283
8723
9725
7006
6384
7049
2742
7813
1346
5920
983
2286
5041
8129
1622
7111
2119
9231
3726
5807
9460
9880
4881
9501
100
6412
9086
3108
6637
5377
2166
8502
8589
9830
9308
2822
5396
775
9292
6451
8301
6480
2158
9858
8355
8326
410
1546
4994
7858
6221
5846
4603
4351
6877
9382
3964
2630
9674
2216
8783
2599
390
9254
8642
4699
5910
5439
8119
6568
1737
8346
6045
2997
3896
5527
3534
2751
3199
7929
3562
1579
300
5634
405
3292
4421
9581
8764
2071
4190
4274
4030
8053
5771
5733
8216
3658
1203
1424
273
8228
6870
6850
2712
325
3664
2328
8602
6597
4750
8475
3209
9665
9104
1162
5385
4872
8432
8297
861
6616
5187
8122
4049
2149
813
315
7305
4922
2570
7889
7642
8291
2506
5012
7351
2905
3564
4906
8880
2719
5310
6792
1302
6510
8724
6198
2593
8764
5319
7891
5829
498
4320
5913
1650
5725
9046
609
5116
6292
3732
794
7147
796
9182
7271
3763
7529
3109
2919
8054
1015
4456
649
1656
6088
8814
590
1748
606
3586
3185
158
1370
6190
341
8632
2198
555
5615
72
3457
4120
1108
7466
1289
9529
531
7730
1645
6450
9334
8181
7347
4484
277
4537
3032
7510
7499
7098
310
1688
397
622
939
7269
1881
6235
8184
919
1259
2583
1686
2271
1414
1185
8512
8900
1393
3182
2285
2379
431
3078
6316
7017
2836
9424
1558
9286
5092
5723
9294
1874
974
2143
1564
1436
2618
4691
6266
6736
399
8432
9678
1360
1000
5414
1018
6439
5080
1566
1600
9866
267
463
9562
9168
9646
7781
3769
1555
386
3071
9404
2951
2221
1624
724
7211
9650
904
6069
5630
5586
9227
176
7508
9075
8403
7791
5081
9280
778
9631
9749
7281
8122
9157
9072
1724
7520
4123
839
8172
7422
9530
9216
6673
7952
8252
523
616
3538
3186
9018
6301
9184
2115
5938
4318
8462
9318
3250
8609
9625
1538
276
6617
1134
1444
5890
7013
233
4962
6602
2090
7120
7294
5989
1026
929
9100
4708
4772
2393
1943
9340
6182
2807
8480
2052
4257
6737
361
3164
7380
4437
2065
7104
5036
1250
4273
2573
7618
2264
983
180
8020
6109
1824
2381
4441
5106
6108
4973
3615
7334
8172
1755
1336
8281
5679
8655
4197
9971
4414
828
8528
757
3844
528
9840
9216
8690
7562
5337
6406
2002
7547
691
1166
5450
5760
7469
1483
8931
3935
4720
3823
9211
6287
2024
236
9704
7661
5521
4971
8174
4973
2990
2273
4626
5486
8880
9679
2784
8624
1668
4665
186
2090
8142
4665
7538
4519
7590
276
651
1617
1744
7389
5594
146
2672
8057
8898
1158
7389
4147
2609
3653
325
193
7285
4319
3313
7351
611
9016
9499
5498
8361
135
8957
9047
658
842
1980
8149
6698
2684
3349
1929
2131
2634
167
9273
5031
1410
5041
2738
190
3180
5325
2173
7043
6781
7613
7008
7730
250
4181
3810
8933
8811
9497
9585
1648
5168
4744
983
2089
9208
7049
8633
7900
5775
8325
8930
6685
7015
7030
1584
2127
891
8638
5086
7013
7264
4027
1794
5671
7629
7994
2023
9431
6493
2201
9917
6085
1730
9681
3872
2496
7900
5364
7063
2413
5386
9587
8525
333
9520
9683
1589
8362
2378
1681
9482
9890
2032
6420
4917
7464
3018
1842
707
2503
7894
5589
3749
1048
247
9215
8361
5942
2880
2428
9609
9456
1074
7160
6003
4799
5107
2641
2025
4808
4256
8957
666
6260
291
8127
5185
7646
8232
7398
2412
8685
7901
422
7616
4051
7000
1003
746
5573
142
1851
8729
1548
704
108
1291
9562
7368
8854
6693
4417
9702
5738
7623
4593
356
4100
4238
2257
7184
4956
1676
864
3275
1843
3653
7948
3757
2396
5468
6883
5851
1625
2478
5480
396
9960
5228
920
9001
1821
3295
6109
147
5921
8551
179
3481
9835
9317
7769
3737
1743
3945
4282
3719
7236
6830
492
1613
3835
1717
3257
818
7516
4512
1245
61
2403
3408
3055
5643
3883
6832
7540
2512
329
3636
4495
2795
8605
4956
461
1084
1908
4957
2065
8042
66
4946
6475
4384
2062
671
3199
3257
5838
1318
7571
3404
8357
3406
808
345
9626
5137
5101
276
2250
6740
304
8833
9761
4060
2583
3441
4837
5823
9694
2460
4340
8633
9425
9680
1375
4416
7565
3256
6214
6682
2994
2384
4598
942
299
2488
2481
1640
9457
712
1901
3713
3789
4003
5967
5134
5117
7743
8537
2407
7769
3364
146
1355
1606
8898
2373
7026
2330
1080
8813
8291
3713
7218
3135
6488
6608
7171
6424
5375
8
3812
8121
6849
3485
891
7664
1208
552
255
713
2557
7545
9018
8116
4944
9553
6161
5977
1788
8591
8865
9881
5593
2970
4682
7367
2500
1630
8592
3208
5436
9354
8895
4982
430
5817
9487
1371
9220
7344
2728
5996
2265
4328
2328
6659
8528
235
7682
3874
5670
2565
8922
3445
1940
2739
4271
5927
9578
9615
3895
6200
3753
7135
5233
3485
9647
4026
1655
4152
632
8220
3475
8714
7811
4076
9139
262
9603
428
2400
3608
391
49
8203
2374
7981
3733
7577
3302
3074
8233
9329
3776
7852
1726
6963
8789
4444
2005
3900
6384
814
1877
9063
4587
6387
638
1638
9494
2961
7340
5809
7956
6889
3038
8302
1782
7194
5399
6145
4748
324
4741
1318
7624
8095
7472
8173
5750
1213
8773
5669
8986
4125
1284
1549
4568
4401
7446
4951
7161
4531
2451
6125
3852
4243
339
8216
8396
4196
5923
847
8609
2344
8747
925
2745
441
2989
9511
3384
8330
5696
8284
6190
1597
5375
2317
1000
7478
284
8846
7689
303
1512
894
7931
1821
343
1588
3952
5364
7759
8042
1230
6599
7746
3855
4683
8146
93
7111
404
5083
2032
4934
2772
1558
1822
8238
388
3224
8359
7732
3278
3566
709
5913
5446
9904
7635
6696
9035
976
9333
7883
3114
5303
1588
3219
5060
5602
7640
6440
2449
5512
3851
1757
9589
7936
2571
2744
2
2928
7696
657
9438
1513
3264
5240
2423
754
6383
1996
2004
1377
571
1546
8925
1585
775
6770
510
4497
453
8448
2088
105
650
3993
2504
1955
5533
1988
7436
7095
2208
6844
9459
8630
8370
9491
741
3084
339
7817
1763
4208
7370
8461
3024
3326
5396
2436
2048
2119
2094
2344
6048
5799
1508
2594
8998
1511
123
1450
8282
5443
924
7390
8245
5007
6722
2002
1976
7590
6679
1895
6065
1012
2665
9087
6698
2084
7891
16
7394
1356
393
6663
6289
1512
6163
4846
1558
724
1726
2097
2290
6910
7999
798
2938
795
4986
8204
169
5881
2162
2141
7669
628
9826
438
8163
4173
1355
1182
5885
7928
6383
2661
627
5381
1165
8216
5984
3154
2766
5922
3374
6879
7168
2981
2300
7281
4096
713
751
9851
1437
2804
5415
1962
9259
5019
2564
9584
1238
6087
168
4851
2599
5388
4879
9223
956
4806
4156
4121
6098
8709
677
2717
2822
4490
7331
7515
957
7010
1618
6773
8737
1075
8688
7821
109
6357
1972
4757
2570
8451
3436
6278
8619
3681
6252
4068
7861
4129
8499
82
1620
7265
4736
5474
4474
518
7877
8448
9513
4527
9291
1440
6179
1555
2951
2773
7488
1773
923
883
3808
2169
3887
6423
1681
1871
8882
2934
3795
336
6444
4787
5194
3886
246
8181
1220
897
7100
4328
1372
7255
8289
2323
1006
715
1444
5290
8012
9610
2578
68
5760
1314
4107
2336
1603
844
3834
5283
8557
4987
9807
3125
6957
197
7135
3086
44
1170
3167
7771
718
211
8988
9877
5577
2436
719
8372
7032
3701
9791
9167
6050
9061
8920
9431
3095
9744
7402
7029
7066
4284
5413
4513
245
3310
6724
6117
282
450
3095
1457
9398
6666
9765
1008
4603
2470
7873
3387
4174
4437
7885
1484
8493
8763
1996
7654
3445
5972
8973
8835
6595
9065
629
6734
2666
1360
7259
5186
9157
8024
1674
898
9069
3685
387
1835
7917
9512
6081
7303
5028
3235
801
9539
3722
8412
2017
8083
5911
3488
8696
2277
9537
346
8903
403
7796
6276
9455
4653
9014
3357
2546
4438
4587
6587
7550
2158
3239
4131
1832
4384
3923
9767
485
2300
258
3407
9279
4632
9715
4507
5349
915
3401
8248
6996
1738
714
5473
5413
3630
1781
5016
4359
8789
2312
1717
4879
2065
641
4302
3852
4494
3923
1960
7504
5183
1739
1021
9084
8508
5587
9502
7403
7525
822
8602
9443
7018
773
5696
6935
9373
42
4514
9072
728
108
1979
8460
7020
2546
2642
5255
3097
5131
7071
9354
1125
4157
8701
50
2055
8525
5504
259
1331
2318
3578
4092
8123
525
3641
2748
3891
5965
5234
4725
9861
1806
228
3008
7239
2036
9174
4161
1258
8085
5075
5996
8436
8626
8536
4104
2144
6730
2266
9012
773
2459
8285
4871
4228
6794
867
8508
1174
9605
5201
7134
1398
5512
1417
8464
9386
9005
8563
2001
1799
359
2509
1549
5717
1376
7253
6487
2321
9905
1636
150
739
4771
6941
3485
1183
9604
3350
9568
591
6140
2615
8196
609
5296
8753
8934
2109
4006
113
6287
6986
2730
4164
9830
2481
3760
1757
2982
5121
9260
8181
5393
3637
9599
6706
7717
1059
3250
4699
5439
7335
3096
4779
350
8368
6735
8165
2681
504
2711
3303
9539
841
246
5857
6045
222
5019
8055
9917
6984
7505
7493
7854
7251
6870
6612
360
8136
3533
8474
2561
1972
3122
4710
3812
1145
4140
7676
433
6115
7607
9485
3125
8526
9458
4428
7868
6886
1206
2332
2468
1647
553
8958
7572
4118
2706
3097
3053
2919
4990
9258
7071
4288
3985
1759
415
5478
561
8031
4311
9703
7376
7421
6190
9728
120
508
9898
2399
1804
948
8052
8444
8588
2981
4283
8756
2809
7244
748
9814
8122
964
9264
1586
1343
8223
9766
733
6084
6533
1666
4010
7512
3276
3958
2502
3486
7449
896
371
3107
3830
2932
9544
530
997
4652
6598
2469
4771
6173
3294
4940
224
1900
2081
7666
1038
6481
4648
8462
8743
8474
2694
1400
7861
9427
3274
5085
700
2085
6393
2069
9387
6685
5483
6802
2691
2270
5061
395
4342
2601
3431
1723
4693
6364
5975
8852
6243
9560
5022
2487
1245
408
9697
2008
6622
1679
5763
9181
5661
3313
2505
7992
7898
6661
1326
3798
1546
4889
3543
2118
959
2151
362
5182
1355
9271
4379
378
5590
244
9719
1687
1646
5603
1573
5728
2415
337
6521
470
9828
9661
9963
5301
1516
3526
503
9412
9296
2726
5126
6589
5331
4719
7053
1838
9915
8629
8693
2847
2704
8620
4971
1094
8579
3587
696
8535
5505
5570
7700
8991
3415
368
6471
771
2568
4024
4816
3045
1469
2924
2105
9575
1741
3514
7610
1411
1101
7678
1229
4746
3081
2553
2610
1707
1699
817
2052
5990
8027
3625
7052
9682
433
1602
1717
6300
8023
2673
7823
2833
1850
1251
8760
1965
5714
2287
663
2357
4968
5515
747
4146
5160
8754
8996
3263
1687
6212
912
9846
2295
8526
2393
7285
3144
6459
4605
4438
2257
4539
6990
2879
8015
4244
282
5304
3581
8102
446
171
1525
9235
3527
7009
9254
3407
4393
2538
3015
84
6228
8668
2490
377
1603
9745
372
7732
7719
7322
1517
765
7076
4329
5795
1526
6617
3485
148
4104
2326
3551
7339
4559
3993
4413
314
9848
3594
6740
2874
5210
3400
6147
207
9827
9234
9278
9199
9604
2859
9440
4995
8576
8440
8757
4815
721
4156
9991
6559
8444
662
9927
3
9669
4089
2558
6237
3654
9757
117
7784
5756
7044
3858
7211
8067
6063
6835
2190
1492
3809
5936
989
7435
7044
4780
2954
845
1275
8956
4135
5354
6488
3772
8133
9680
3904
7230
1255
6480
8875
5652
2522
5589
6528
2960
7145
9601
9536
9338
4012
4202
801
1538
7968
5654
6143
9750
1885
3379
7262
6870
4372
2378
5363
9990
1368
1093
3812
4868
2543
7758
9773
9530
120
1034
9364
8038
8287
5014
4399
5209
9278
8240
516
8861
6279
2090
129
4219
8768
8426
6157
5339
7869
4837
3983
524
4836
8414
2334
4263
9149
8537
4105
2207
169
7045
584
7724
6325
2665
8226
9913
9167
8270
1616
5642
9208
8910
3458
1314
7322
1323
8449
1092
2635
6898
9108
6056
5763
4770
5511
9328
298
9336
9129
8411
7750
8269
6132
4074
7124
1458
6963
3810
3109
8650
1983
9201
6379
8826
650
9060
9523
1564
1072
3208
1317
506
4794
464
1322
217
7525
6327
7086
5059
2163
3302
1734
1818
6705
8728
2884
6378
6616
2604
9864
670
407
7514
361
5094
4593
2522
1140
2807
5715
8657
2276
8148
9001
7437
5252
7276
82
2180
785
5619
8897
9080
9250
6197
9445
8445
1516
2952
6027
2430
5377
5314
3202
909
8362
9819
8239
1033
3429
3940
2211
9525
4672
8392
6986
1095
2310
9858
8564
622
1769
1471
2314
1144
1218
9605
7945
7874
2805
20
6867
8161
4920
7724
359
2065
2229
7344
141
4364
4205
2474
678
4718
6144
350
6835
9830
5515
7107
7573
3279
593
4687
997
4703
9581
4402
7782
4016
1174
9735
9175
8941
7556
7206
8317
4319
1218
6397
4449
9322
9541
8385
2150
2097
3436
3679
5005
769
1673
4023
3692
2429
7983
9580
1900
2629
4539
2645
5442
8988
5688
2024
289
2650
5070
5527
1038
592
9227
5179
9844
5914
6533
5809
4105
8041
3470
4114
5249
2546
3080
6375
4417
7169
3771
6541
9270
7602
2854
8853
7703
7265
1122
2895
3144
5904
5805
8616
7857
8921
7558
3505
8911
8421
532
8578
8777
5117
2267
7935
9685
2527
1361
3018
1996
1715
5198
9274
2955
2733
4003
634
9484
1206
3053
6132
9044
6823
6362
4864
8398
5237
2155
8967
1528
2627
6218
4685
4844
8244
1566
1967
3267
1281
3628
809
7893
8170
9680
2027
8403
944
4029
9133
7688
8290
5537
4368
3821
9494
7132
1287
429
5051
835
2470
5945
4748
992
4586
7436
4695
9436
6345
1009
1951
8016
763
4484
3760
3736
2361
8358
5585
7226
1349
1205
5582
4501
8010
1675
9510
6764
7365
2006
1762
9893
8229
4936
808
6046
127
896
6863
4128
1749
761
8115
6454
5288
1665
827
4063
5611
6700
4281
4450
6746
9834
3570
514
779
5175
3967
7698
2275
9329
6659
6426
1004
5183
5566
3595
86
8784
2257
4064
7708
4274
4851
9125
2024
244
8532
7532
8730
4606
3392
9278
6180
895
9558
8783
6938
8647
8697
7861
3816
582
7846
6010
6100
7893
4215
4112
1238
3876
3512
9540
3221
2291
5977
4470
5540
5781
2227
4584
3676
1618
782
9078
8508
9852
8737
1925
4063
324
8267
1742
7789
3166
4083
556
4900
5410
1755
7396
680
8164
1147
2725
4440
6694
9579
257
9027
7516
1311
6907
2955
4577
3050
7777
5673
9689
8653
5499
3042
2966
5983
2084
8617
927
9249
2153
9332
141
9154
432
6275
4552
9729
5963
9758
4962
6945
9741
910
6674
1378
6988
7919
8692
2765
2023
388
7070
4736
8634
5308
3238
6651
2656
420
9698
9578
296
1869
4560
6116
7835
4511
3464
2787
1773
877
1871
3637
7202
6539
8157
9298
5796
7694
4769
9535
5026
3988
7875
7539
3402
5604
5098
6584
1017
4246
1760
884
9122
1061
9506
1080
8638
7108
1772
7897
9012
2816
565
3949
5178
2660
8855
904
3402
1954
8146
3400
8247
7505
9968
9966
6514
1986
2572
8062
216
840
5839
7944
4639
3238
8652
6760
3969
7179
29
523
2247
6668
4252
915
2762
8481
4870
3308
54
9219
8061
4208
4177
8899
2126
7272
4858
287
8051
2101
9861
7873
9881
4046
8566
8040
5732
1834
3211
4763
3537
1248
2383
1307
1740
9069
77
136
8756
7046
2338
3015
8284
2239
9094
3059
5107
5371
1660
5186
9526
6756
7815
7177
3812
5901
8959
1186
83
6487
4005
9596
1281
8545
6036
6148
1901
8916
2728
5155
2279
5005
8084
2952
3718
4812
4766
4568
4424
2525
5853
6371
2287
516
198
7512
4010
8111
1283
6172
9409
9639
7782
8343
4230
471
8925
6687
4744
5231
7350
9066
6425
5195
8692
1949
3794
5216
9522
9402
3734
6583
5480
9610
7221
8910
2460
103
3298
9322
3946
9806
3174
8945
4231
4595
7030
200
4178
1733
4803
1528
9901
3251
8625
7974
2971
703
1850
5475
7178
8770
4211
8817
1522
3984
3584
663
9998
7566
3716
1607
1691
2209
4747
798
9599
8872
9083
8796
2333
5101
4983
7285
9061
4328
5527
8823
5441
5989
5749
9117
877
2503
5177
83
1302
9116
5159
1546
4775
2211
6519
9390
2207
1276
4790
8631
2855
5855
699
6909
8563
2223
1021
3487
7304
304
2995
3878
1421
5127
1723
1173
3716
5665
6239
3588
5082
2407
6868
526
5309
512
2181
2215
7822
6519
5105
3538
9527
2687
9712
8609
5455
3540
8715
5390
8123
1652
6109
3322
7479
5982
8836
9877
886
4713
5148
5965
7766
5640
3695
842
72
6940
389
1977
5503
9691
9250
9191
6166
3440
4865
2018
230
2803
5003
1450
6040
235
3629
3533
3753
2496
8984
3267
7532
5798
7178
7895
1668
7303
3454
4471
4097
6288
1743
5694
4090
8623
4691
9696
349
3579
6886
1446
1987
2612
1348
1627
3831
381
1835
7701
3320
9159
4127
9816
893
2000
5744
711
8201
268
9562
6589
3440
6882
9900
8268
8136
4459
8955
3428
2371
3798
183
2485
8300
7808
349
7384
832
3346
2383
4139
3903
1003
4594
9500
8162
3327
1782
872
4496
5184
5499
2180
5180
141
1122
4188
1297
1656
9633
4730
7393
3420
9452
6921
7545
9310
1904
1690
1865
1779
9985
9047
5092
6371
3543
9334
3091
3948
2676
7185
9550
3242
3113
2196
7421
5478
9194
1366
1868
2445
2687
9451
526
4226
1997
3353
1043
4118
1508
713
5549
3559
4729
977
2191
6919
6967
4000
5991
3262
6722
3577
1470
1715
4317
788
9293
6471
4348
1761
1090
5138
1372
7711
3443
4930
5410
3804
290
9777
257
4893
1522
5190
4224
9136
1305
4847
923
7984
4359
9294
2504
1865
6838
2881
3853
4685
5410
8087
6033
7991
6538
5823
80
61
6071
1171
963
7115
8653
8837
2079
3406
4913
1177
2524
4013
2554
5668
9833
1743
554
2531
2286
3449
5806
638
4835
5511
9716
526
143
7790
1501
9437
3267
4095
2131
5518
6376
7246
8605
5469
8198
6931
2945
9111
135
7825
6857
5437
8187
4469
9657
7621
9245
7617
7007
6658
4901
7466
4412
5381
1792
8479
8370
5923
8221
6139
8063
7465
6889
8813
1097
1614
3742
2117
2794
7352
4007
1297
8079
6290
8839
6858
7771
8908
6843
6009
2641
387
2829
7950
7185
6707
8074
802
9714
1306
2294
8490
5170
670
3119
3247
6186
2530
8367
9884
966
5653
3078
1352
4723
8140
9175
5573
7561
7665
9457
920
7851
2891
225
3098
5052
2720
9767
2318
9973
4921
3974
4948
1941
4021
5968
5405
8568
4016
7329
4352
6683
7925
8266
7261
2702
1442
7714
1552
7178
6555
680
8695
5190
241
8763
3320
517
5797
6861
5709
994
6648
1814
817
8959
5028
4485
6960
346
7952
4252
6681
5729
7776
1405
7879
9799
8268
5807
7233
5800
6242
8854
1871
9081
9054
2946
2222
9875
777
8566
4309
4802
9679
1660
2905
6761
3669
8007
7470
3800
1227
2825
1231
4913
1279
3542
2719
3975
2930
4872
5489
9160
6015
469
7029
8589
7561
8414
3221
7679
9428
537
1039
2524
2215
497
8451
7978
4080
1244
1615
316
2344
6798
6633
2067
3129
477
877
598
8589
9156
6232
5716
2089
9531
6948
2953
6234
2567
7396
9504
4910
5950
6707
8233
9607
910
4504
731
91
6430
1965
4219
4815
5525
256
7742
486
1690
9337
4139
3412
1275
8109
3252
5912
962
8451
8822
4394
3941
2869
4719
2848
589
1705
5104
1143
9
4080
8628
9696
2244
7902
8944
5465
6724
8204
7354
4670
5877
203
9247
7184
6677
1274
2271
325
7201
1785
1948
1903
6672
9262
3716
5793
6062
7080
3722
6032
508
8931
7372
583
3814
6700
8096
4429
5413
5317
6272
6698
950
698
7977
1928
5338
6309
2606
2327
8831
1247
8258
6403
2192
9400
2374
3226
6585
3465
7615
2953
9021
9544
8156
134
5483
6285
7158
5155
2206
7938
6424
4513
8501
7631
4258
1284
3906
6375
9577
1382
1190
7325
1089
4382
4765
7611
3133
8786
6662
2149
6646
6666
8390
7913
7659
7127
813
1401
4552
4404
3321
1149
5226
2988
7642
1234
2193
3900
3558
7832
9527
1114
1597
91
2880
103
9791
2495
6690
8577
1709
1234
856
5244
894
7532
4657
33
5347
4682
574
3943
2269
4300
9421
1154
1165
5787
7759
4505
1068
3007
2592
7612
2748
1968
4552
1142
9967
5852
7533
7327
9126
2248
460
69
573
7866
648
4253
2773
1111
7393
7156
930
7176
1241
507
5542
8994
4339
5602
6045
1270
4397
8355
395
3270
7824
5619
819
6521
5637
7765
5530
6305
2011
304
2603
2651
918
4881
7067
9095
121
2436
6784
3833
1175
6703
1998
8142
5494
1311
3698
5187
9894
7752
8434
6659
2897
503
6244
6543
7539
4010
3983
6867
7772
3954
2224
8823
9011
8408
349
8323
8509
1486
1839
2598
3503
2327
971
8409
6656
5225
2065
4367
9522
2674
5513
5456
9075
7769
7435
9462
799
4342
6766
8056
6344
1269
7508
7589
5032
6551
2260
1907
1414
4858
4775
7769
9064
6890
6582
89
5128
2551
9252
1618
1978
1385
6729
7029
3069
2705
6718
7558
5695
2274
5376
6342
2038
4112
9359
1663
4573
2424
6118
5311
3403
5344
3264
6840
1419
9600
2168
3063
1159
6273
1729
1252
2517
4613
3624
4937
6231
6680
951
151
4606
9941
4988
7781
1039
4892
7049
6955
7017
3298
1692
1886
917
4585
8882
9884
7919
3826
3048
7866
2404
5456
8802
6316
7420
7247
6959
9558
90
6069
893
4224
2626
1943
5529
1855
1403
1023
9914
3650
5
4445
735
4569
9500
7532
3269
4637
9709
2631
989
4620
88
9707
7070
6900
8455
8334
9479
9154
814
8864
6295
3803
8644
9809
3377
394
1361
1539
7354
3435
7736
9762
4213
4185
3175
1377
897
8643
652
6007
6977
4099
6682
3642
4268
754
1181
2154
4838
4342
3675
8066
6351
4414
5339
1994
4123
2048
6554
3248
9905
1200
9899
2840
9544
3908
2302
465
9071
9877
6709
8106
5675
6665
995
9030
8198
2671
4950
4380
6982
3626
2423
2753
2012
7554
880
1114
7038
8887
4493
3501
2632
8871
7205
1431
590
2034
187
8611
693
3356
6560
2777
9267
7796
9243
4342
9491
8946
7372
7611
5229
7862
1613
9784
2598
3454
9994
9482
3380
8104
99
2962
4501
1577
4159
5752
433
7517
9235
5712
1500
65
2676
796
8080
8092
7817
9666
1611
1845
7076
1375
3653
3025
7043
2092
3029
3852
130
9104
6388
3706
8467
1143
6242
1486
3521
178
9671
3355
9265
7742
7293
9722
8553
2633
7196
8811
2214
5634
6390
9598
953
433
8309
2980
8081
5927
2753
9218
831
3383
214
359
1030
7029
2485
8430
4610
8781
1514
8742
3034
8455
2239
6319
8713
154
910
5255
873
655
2956
7479
5217
5400
8933
1176
7041
2544
7890
4297
1594
8180
3762
7845
7700
1219
2392
7585
9466
7026
9457
4148
9641
4914
3337
9818
8697
7686
7199
3386
4107
4752
8805
9494
6036
9356
1708
6178
872
7583
3552
4265
4011
753
9616
8301
1956
4857
6258
9022
6691
2839
676
9005
1124
7496
421
8913
2308
949
8789
7050
9635
190
8730
2852
6139
2309
4804
7213
3936
3389
1524
4106
9625
6357
5113
8983
222
9631
1674
5391
5906
1079
4331
9563
8627
7120
618
3805
9904
3664
9321
9680
7050
5311
8657
4568
2046
3964
5604
320
9697
9457
5348
2004
6541
3336
8499
2267
3564
7774
4602
7002
2226
759
494
4421
9007
8018
2191
6198
4565
2638
7187
9827
8888
1773
1811
9324
8532
8184
7940
2194
4563
7524
2473
414
3886
5267
7
5649
451
365
3833
3975
7321
593
9525
2834
5456
4967
9006
6532
8700
2680
7228
1165
9556
1776
7017
1606
8629
2994
2092
1884
9581
5404
4876
2226
1813
5421
9085
8976
1230
3493
5455
2400
1119
6220
7160
6411
1341
8822
6686
1215
2973
2756
730
2484
8102
3598
8697
1871
6395
1649
5861
790
439
4227
5667
2902
8729
8463
4398
7217
6418
2093
6692
4332
109
7440
9423
9112
207
8215
4759
926
3535
3228
8198
7697
983
529
8573
2079
5211
8797
2421
968
7466
129
8024
8338
6835
5983
1056
5996
1178
3341
4832
6098
731
9286
483
5553
9165
7858
5585
5083
8635
2456
2121
8604
4831
1937
2267
4622
8416
3246
2469
1290
8398
3628
2417
5936
6587
2039
621
7753
5308
6029
9995
2763
8752
2645
9258
9933
6576
7472
6053
9068
3704
7422
8666
1053
5381
500
4397
7235
5904
1805
382
4051
1146
7486
5992
7367
5000
4846
6636
2816
3249
9494
5133
5359
8196
3638
1117
8805
4368
1160
9721
2538
6271
4808
5984
9851
5778
2212
9018
5319
8595
9905
5286
1133
2727
7775
7652
7502
1810
9549
9092
6632
2384
847
1567
4726
6881
5311
645
2146
7412
2499
9142
3884
2119
8222
8677
3856
9342
840
1945
5779
5666
9906
9990
6766
7564
6645
4669
2718
6082
8219
9967
9770
9201
513
7911
9367
8109
2106
1640
6746
2452
3911
3540
236
2521
966
7792
9810
1264
3465
4596
2557
85
3865
983
5838
7490
9562
7146
6431
9600
2624
4916
5151
4830
530
1150
2060
1744
3695
4352
53
6410
1134
6668
7456
8077
3274
9128
2346
4144
478
3986
29
8611
3533
5040
2823
4512
4229
789
9721
708
5925
1579
3580
3340
9644
5565
9851
3139
8372
8243
6333
843
7680
644
2913
2106
6769
9399
2912
5223
8351
2731
4077
7957
4822
7080
80
6975
5503
8597
707
8772
6513
4044
8220
678
8215
6570
2989
6973
9667
1995
504
9186
371
7654
2711
4488
5540
68
6379
1917
8565
3511
7619
6930
7805
4009
2320
6167
4942
4706
3478
1419
4172
2847
4582
7426
9913
6879
3226
7880
2499
7967
2608
5044
4881
5480
4458
6129
602
6279
7205
745
8678
1838
6777
9827
7785
4714
4912
783
1261
549
9163
7295
8382
3276
8833
1576
3420
7571
3817
7049
4253
6039
7803
6668
9122
4740
4498
3418
7131
7928
4964
8404
9564
6056
3637
4735
8690
8995
7272
5856
9873
5924
2088
6072
2784
1531
9494
1297
9032
7021
9524
2234
936
9771
8065
9712
7084
1649
5142
2078
2767
3056
7121
8997
7103
2878
95
7999
9680
4172
2240
2129
3348
7928
2549
1216
3481
8564
7437
1093
9283
4743
5537
8371
6556
6403
8796
4472
8841
6950
2975
7779
6543
9989
724
8501
1558
9078
1249
6987
8540
5709
5007
4987
3725
2025
652
4444
738
1775
8654
1179
5559
4776
6857
5260
978
7927
7747
3117
9472
8061
3317
1057
9954
5200
3476
3068
2665
4265
3698
2858
5517
9358
3119
1685
7428
9280
9699
1271
8977
2245
7024
876
2555
2296
4452
8187
4832
2783
7789
3527
2906
6925
224
9633
5888
9913
2667
721
4544
880
9
7797
556
6247
4774
4120
354
5283
4500
2694
5088
8572
8781
9679
9976
2543
794
7931
1840
1395
1379
9917
846
1086
9256
555
9698
1801
3471
9660
788
9729
9791
6707
2223
7792
2221
7132
14
9531
8597
3508
119
269
5275
8957
6373
3589
1554
4594
954
5099
1629
9448
1076
3688
1940
9126
895
7750
3417
7191
9372
8918
5852
9357
7089
3553
6668
7432
1696
6049
4271
5063
2044
8833
211
254
8074
1874
6677
6536
8053
7215
6771
8383
6388
7939
4077
1675
5919
3866
5153
3559
512
4917
2504
2698
7575
3378
602
9140
6769
7228
8073
8663
8537
2206
7949
9753
7487
5598
379
375
5945
3048
1852
3163
1191
9879
7435
5553
907
9931
6447
3655
505
1496
5562
3011
4107
2492
7169
5481
1608
1059
2525
4941
1430
7550
2433
8278
7565
2401
76
3748
8830
4348
8113
7636
4900
3917
5286
1905
1690
483
187
7005
1726
3558
9579
7600
5732
3637
7399
8159
4205
64
8881
2785
5017
1240
9958
4062
1803
8915
1920
3626
8909
6548
3611
289
3012
1755
2406
7362
9956
969
7148
7777
4327
3303
5076
9256
3962
6007
9141
2445
4793
666
9902
2106
2220
8867
245
9977
7009
5677
9103
4158
4237
7065
1520
1482
1565
6234
9538
5117
5394
7125
4923
4780
9004
1298
9610
4563
7238
5240
3667
9324
5219
3817
7084
3841
1190
2473
2598
3534
3304
517
8016
4363
8102
5297
136
4521
9913
7491
8932
1082
4619
62
1760
2533
2534
8177
3944
3898
5391
8962
1833
8884
5107
1605
3427
9949
4240
545
5905
5190
1351
6868
6556
439
5185
4326
5645
1811
7952
8492
1570
3264
2871
8414
1027
6358
2236
4635
3109
5893
717
5707
6846
1388
1857
6182
3434
647
7841
6323
2478
1737
7895
995
1355
3450
5397
9215
6581
5939
6120
575
7173
2392
622
4492
2907
52
1511
5272
8104
7435
5209
1533
2571
8972
4486
9764
2043
5478
929
3959
6980
142
4686
1992
549
4413
7274
5940
6602
4126
3707
5138
2501
2985
5273
9824
6546
9289
5998
9216
1434
1973
9481
6175
2457
3949
4249
2935
6764
1171
6600
5125
6429
4781
2326
4557
3778
904
1816
7996
1714
1007
7777
6415
1977
588
5615
5154
9598
1613
2953
8428
4339
8443
2152
1353
7838
503
4019
9111
2774
2086
4879
2405
2959
7439
9190
6217
3881
8754
1416
5329
5813
5852
5936
7004
2603
1768
2905
3211
8680
280
7408
6002
9563
2340
7691
9699
5170
2993
4442
1772
5057
6998
5485
4831
3827
9004
6967
7332
739
7588
3697
1562
7917
2573
9106
4035
9041
8582
2558
7633
1688
2113
476
2331
8586
4648
5804
8597
3263
420
3944
2767
1796
6780
2299
1724
1409
3307
3424
8325
7432
2517
444
2303
6625
5259
1518
8539
2996
5181
9686
4045
5478
6880
1044
3407
1623
2912
354
4647
8811
6424
2565
1238
9913
7791
6128
7778
3200
6053
4105
758
4080
750
4832
9608
1192
7102
3485
6076
4908
8438
3561
55
953
1758
1312
8055
396
7396
2134
8129
5327
9284
2584
7466
598
2952
244
2442
9050
353
7867
3486
1235
3911
8037
285
3227
1469
7558
574
3952
6249
3152
6952
4138
8563
9561
7929
5359
459
4398
1307
2515
4688
5129
6260
6548
670
9311
7149
9461
3960
6876
965
9256
1255
7091
2055
9458
1905
7905
8793
8042
301
4354
5238
1714
982
9078
287
5705
1646
6261
5661
4127
8501
4640
3562
891
378
7690
1473
8986
2033
1079
483
8937
1990
1491
1852
6197
8289
3702
325
3824
3307
2759
4635
2711
112
1999
2447
2129
8132
7600
6352
4571
2923
565
5382
6562
8068
6668
2512
8369
7141
9265
2160
5340
1885
3196
8597
5947
3446
2974
7594
4987
6234
2584
4077
1281
2760
5469
7331
1297
1510
1385
522
6142
8633
3969
559
9699
2451
4461
1040
7937
3724
5236
8949
5034
2196
2790
427
2493
4840
1520
8624
5651
3843
508
1718
8394
3767
1015
690
6911
5468
1351
4532
5186
9880
8156
3532
7940
8799
6213
9819
7604
6397
4407
2168
554
7970
554
9156
5812
4574
8453
1504
4208
1917
8443
2157
3976
9220
6869
6644
5876
9181
2626
1191
1469
6623
2508
1575
430
3410
6765
8056
3472
1649
4434
3202
5942
816
6463
5818
2694
2160
6195
9920
7785
1729
8622
3673
9236
4312
5648
1072
6600
5618
1731
9753
9879
5159
5259
2023
2281
3601
2349
1407
5694
3375
1822
3499
6740
2294
4653
3427
5051
8983
7716
393
5015
1111
6811
4836
1574
1643
7742
6528
6227
8770
417
4228
2122
263
6880
7812
109
2183
4427
7512
2310
2880
3618
5644
1694
6059
8957
4217
8221
2139
6528
5044
499
1686
1869
5125
2438
1220
1322
7323
3405
8117
4596
2303
3325
7512
3924
246
2033
8522
3089
458
2016
8875
7414
6747
6586
8487
7366
1330
1586
2291
2221
6055
3106
5031
3417
468
3932
2155
8937
1673
5517
2469
7109
881
5431
3730
9022
7925
4911
242
3654
6319
323
9177
1347
2290
400
6979
336
2664
2420
3048
7701
1212
4911
4817
6937
8777
3279
2042
9845
5090
1452
8888
490
6084
3809
9308
9814
2281
4333
1528
2835
2078
633
4546
2400
3352
1930
8263
6948
5330
8649
2658
880
8362
7793
205
3140
4412
56
9270
7685
5919
6066
7158
4206
479
643
7583
20
5882
4628
6516
4270
6704
8696
381
5333
1076
7630
1786
4281
120
2249
9544
8516
6488
1295
1378
1363
6485
8959
714
1105
8102
8487
1928
9110
8618
8773
6530
6673
3057
1628
1437
6834
3915
921
3954
5451
9440
8230
8021
8039
7042
1390
8466
7915
9104
2002
2313
8940
2253
2572
2348
4834
1184
1043
7798
8524
1501
7854
5998
7348
2036
2668
8011
5252
8344
531
2715
1369
8019
8728
3999
3622
856
8287
9897
6924
857
8002
2473
1833
6490
295
324
4143
2005
3101
3159
2695
3808
3736
1546
2933
1116
8286
6216
9486
1071
1408
5981
551
9221
93
5009
6127
7234
5811
3413
3936
923
583
5115
5698
7653
7719
2667
385
5774
2767
195
6032
7739
6313
2303
2093
5890
3288
2586
887
3465
2550
6019
2701
8286
9260
4595
2041
3832
1955
5997
8958
9614
8073
55
5886
647
4486
4809
7150
3297
8575
2116
5405
9174
3370
341
2339
8620
6755
4681
8807
2268
9775
1427
836
3286
7439
92
3085
7522
9831
4810
1470
74
9231
9828
1909
7894
8122
9589
2416
9912
1638
7615
1848
3209
3347
5139
8959
564
8199
5550
2919
6210
2321
9285
2355
661
7340
9860
9602
8857
9367
8883
9800
2743
9859
763
7439
7196
6812
4488
6399
4857
731
1951
553
1389
1499
8049
554
6880
1403
2032
6430
1537
1780
7474
8595
1379
4876
516
7168
3139
3914
4657
5589
1965
1723
2979
4148
6639
2787
4393
8161
1902
7208
8634
6407
4472
972
7832
1803
26
1657
4760
1172
7107
2098
2354
8043
7544
2999
5236
2751
9353
1945
444
1020
1076
863
2085
9565
5225
1705
6065
4544
3182
2851
2200
6762
2435
7260
7888
9626
825
215
2622
5906
4830
2337
9388
1427
1324
7861
2683
248
8468
8749
7499
8822
84
9289
249
914
3937
1572
9207
8467
3665
8181
8210
7594
7239
6516
1792
2560
7396
7070
2761
9087
7532
6683
1449
1091
488
9885
2546
8786
5130
268
8950
5033
9062
7744
2357
649
206
5518
9860
3395
3918
758
3248
7344
4522
1708
7761
6916
8997
9254
6114
3331
7252
7206
1584
1620
2866
5465
1073
3349
8741
7566
5334
1775
5376
8475
8164
9852
3450
6253
9776
3335
1807
1342
7689
8611
6374
9228
3115
2318
9411
6999
7408
6486
5246
5563
1946
3677
1891
5263
7231
4154
2379
1293
9059
6176
7532
5235
1836
6530
6764
7145
9810
5607
795
4965
166
923
9634
9515
8117
1702
6326
2041
9628
2257
1986
4065
4862
6774
3828
5912
6548
5575
8342
5519
2708
1443
1328
7744
2406
1156
5228
3916
8227
843
2714
2626
4798
9040
4821
9202
439
1317
9190
2083
1246
2347
4392
1842
7301
2664
540
5548
5577
8919
909
8366
6274
4095
934
7226
1625
5593
370
7404
3466
2988
9460
9598
570
3579
4441
1738
6858
2418
1355
1870
2829
4317
8600
8676
870
9178
3954
1042
1894
5183
5272
8608
1621
1199
580
3640
2270
6937
5702
3571
5840
993
5762
1585
881
7620
4677
5689
4326
7878
3470
2114
4897
3726
2730
6704
123
7460
1600
5236
5794
9529
1375
141
8020
360
100
1220
3676
3676
5648
3495
3068
5427
6410
6867
3996
1169
6465
7511
7202
2808
1781
2263
67
7526
3046
5950
3177
9199
1069
776
2438
4044
8378
1983
9383
5268
4925
4628
3436
8459
9385
609
4743
1865
101
1388
899
3932
1653
8782
1719
6704
2601
3268
8139
2365
8868
6022
3866
2162
1088
743
6937
3281
9121
2733
9799
154
5015
8337
7398
9165
2535
3464
3400
4731
4523
899
6365
9772
9609
660
4285
1302
3378
2051
3776
6284
7661
4416
662
6357
4915
2489
964
3183
8428
1646
2460
9795
4234
19
5201
5067
2707
8502
681
3457
6805
1585
6195
6714
7845
4962
3178
1651
6089
2570
4363
2554
6103
3747
3908
8944
6941
9334
4446
6622
4803
331
6269
2278
973
8849
4741
5131
1190
1745
1167
3556
3065
9439
7212
8012
1393
3088
4089
8878
3844
9218
8308
5839
5628
8984
4125
3788
6086
8869
8336
1702
4270
2748
3699
9003
7531
5509
475
5255
5718
9874
8548
3851
561
882
4497
5548
8966
7094
112
7423
4285
3427
7809
500
5810
215
6473
9136
2406
1887
7378
2384
997
745
2933
1915
7961
3877
9579
5495
1549
1921
6688
3710
2147
3845
6921
6434
5722
5852
6216
6735
8955
2597
6093
592
6515
5416
7983
8245
8789
8989
1803
5091
6673
1289
6796
9036
224
7642
8556
8369
2081
6502
4090
3046
5209
527
4381
9173
4342
1657
312
2341
6693
5631
7406
1563
5749
2147
1399
449
8188
1205
1172
8711
3896
3701
9984
632
4040
3692
6631
559
5468
2888
6667
7849
8266
1863
7797
9197
2883
855
2185
8617
6405
170
1485
8558
9042
8623
3035
2863
6385
3839
4996
757
7251
2422
1832
1351
5801
7651
2356
2904
9077
5473
2203
1890
2670
4758
6344
4402
2455
8748
6258
9411
898
2590
4625
6416
65
2646
4912
8676
7533
8165
4884
1204
7771
9778
7388
848
6428
6646
2538
1477
3955
999
8657
2246
7068
4852
222
4077
6780
1920
1596
7420
4740
771
6915
4137
9
7134
929
4394
5849
9725
5163
6956
1238
4913
8037
2091
2439
9311
6705
973
3136
8563
8629
2079
1246
4825
6192
9973
2632
7613
206
1419
6403
4097
8394
418
3748
5663
9619
4296
8379
32
3954
6310
1582
397
5339
4128
5955
3012
6482
1320
8867
5149
9360
5092
5051
556
6502
5234
2165
8186
3201
5193
8887
5152
1199
5345
8137
5859
9697
8742
7772
4870
3169
25
3018
8380
5493
1016
9161
3854
1749
1071
4308
2860
8266
2766
1163
2199
4423
8236
586
8350
9101
1373
6328
3559
5721
4241
944
1537
1745
5869
6741
3223
207
8557
5138
6136
9340
2890
7071
6676
7873
1240
139
8922
1866
2660
5094
3104
7020
3212
8478
706
6601
4831
7390
2143
5073
6583
225
3328
6523
9892
6365
8347
9029
3755
7821
1591
7896
3198
3071
7824
6783
2542
3488
2909
6857
5646
7957
896
9613
2394
8411
206
3502
4823
4641
768
7231
3245
2180
9753
3896
5571
7787
2233
6314
7162
1861
6721
1280
8700
608
2376
8662
4310
7931
6750
4574
3140
3694
4703
1313
9404
7704
4154
547
2846
5177
9730
7354
330
4994
1684
6672
3746
4985
8378
839
7250
33
9696
5324
1165
8730
6918
7487
1114
3492
5797
6530
4335
1850
9621
9488
7564
4589
509
353
9243
7230
6365
2699
870
8833
7881
2298
266
302
3478
4099
9419
4329
2731
4965
3977
3780
4000
2722
1681
2180
9449
6109
38
6497
2249
2531
4353
6514
9585
7407
4903
3561
6744
473
6522
2010
2223
95
7059
610
1269
1383
8766
7653
8697
9779
5526
3240
446
3158
1667
5217
532
8566
6065
5612
5156
5394
6947
5679
1276
1910
8488
8064
5676
2749
6941
5894
5408
6790
9363
6685
4223
6234
1778
3197
2819
6749
286
7421
1818
7539
3657
276
8684
4869
1545
7233
7950
2980
2219
5196
8903
5933
7512
1933
3937
1550
407
7227
4322
9288
196
6599
780
8757
176
2298
977
5804
6040
1163
6875
6706
9930
1478
6970
5092
1685
2234
3439
2290
5664
162
2602
654
4495
262
6575
9925
7665
274
2670
6365
4189
8488
8115
4544
4302
1042
5867
439
5581
3210
4184
4219
6926
4925
8038
3944
6701
1549
8703
3044
8011
4887
396
2958
3571
7141
7374
7482
6386
212
9276
1436
8215
4392
445
2978
9734
9198
8072
2631
547
2371
2746
197
8014
3171
6888
1852
5658
7252
4022
1520
4146
132
8199
1607
1118
560
1621
4852
5634
6968
852
861
2456
8111
2418
4468
3440
1287
3297
7924
3124
7516
1369
249
6257
7983
9176
37
5395
5942
6715
2257
8656
5874
1505
2769
5127
5809
7805
5387
9706
6917
1997
7337
5946
7349
8490
7677
2083
2739
9599
7573
8808
5886
6524
3775
1647
344
141
974
1600
5355
71
813
282
8535
931
1715
5831
9311
1455
4536
4289
2885
8592
6504
2725
4339
780
5062
6487
3740
5688
7474
870
4785
4493
3966
1105
7688
5680
701
2202
3291
8882
3773
4698
9293
7749
2198
2309
4786
6833
467
4767
6911
8245
5873
5679
2447
3986
7334
2708
8152
7092
2628
1430
4350
7522
2270
5710
6662
5737
970
6743
381
3908
1512
4502
234
47
1538
4185
8786
1403
5140
6221
251
9844
5901
2706
2339
3234
8998
2658
4593
7229
979
384
3083
3828
5624
9006
5898
9216
5406
9778
91
180
9895
4761
5432
6568
9998
4396
3463
6903
1537
2354
6145
2933
611
550
277
7925
5582
714
2589
169
2342
941
6786
8667
3060
5929
4940
6300
9505
1936
1484
8700
8577
1928
8174
5641
2482
6420
3801
6571
901
4870
8745
2175
5276
961
895
3427
869
6484
886
1266
9478
4084
9625
495
9097
3880
8084
599
8938
4395
9225
1970
8239
2157
8196
6251
8535
7051
3152
2384
1030
4097
4187
4588
5968
4541
583
6611
9667
2662
5747
7598
8715
2413
5834
2040
3744
1650
3306
5303
6786
1642
5272
3999
584
8527
4449
6964
5109
857
9396
2286
7980
60
591
5074
4470
2434
9639
5855
578
4410
1580
4757
2092
769
5244
4765
6336
3264
6102
4261
769
1477
9954
4763
1109
1047
5103
1468
3795
4021
8781
1261
6065
5246
9757
8122
7207
3558
1190
8269
3223
2119
7545
1761
9057
5606
518
3335
1698
4136
7344
8137
477
2245
3663
2973
798
3884
4773
1341
6362
7735
388
1957
3386
3536
2701
8876
5242
8451
2891
6934
2717
2038
6482
2745
2627
8391
7154
4990
1214
6613
5425
1019
8449
2833
5160
4383
1658
6438
59
509
914
3735
8895
9597
9074
2968
9656
2063
1512
7120
6304
1970
3498
110
447
4196
7066
6665
3479
1866
1755
2732
7951
3810
6323
5442
7731
7943
5025
6733
1241
8021
1265
2606
6279
2606
510
9584
68
7533
1896
1190
3052
3928
2726
7511
6248
4955
2973
5750
3421
1443
1217
8695
675
5304
8684
8350
8569
4110
2189
5258
3352
8045
5874
2707
8421
912
1641
5280
9834
5788
6915
5596
2055
3170
1354
1273
8837
4518
8357
7045
972
3328
1290
3165
2406
2179
9219
7615
2163
2076
996
6660
2334
9869
2299
5710
191
411
9129
7182
6835
6917
8960
7514
6137
486
4126
3661
687
1965
1401
5263
1260
5242
7451
6198
94
7932
1792
2605
8600
2537
318
2516
6116
2365
8277
6600
5903
1271
6198
3812
2629
3360
7832
5736
5418
3709
4041
1098
716
1495
6626
2890
1173
9801
7903
315
9909
9482
2141
462
8031
4924
7284
9632
1843
596
1719
8136
1628
9627
9865
3386
762
980
739
6831
83
6639
7892
4168
1525
5197
7032
8497
1504
3893
7403
9427
2
3335
1712
2716
6210
7407
5581
7906
5873
908
6874
9158
9038
8657
7098
6582
1225
6923
2296
3446
1450
1812
7958
1456
4931
7512
4722
8425
339
1446
1738
9910
4972
1113
5521
366
7256
2424
4386
5234
1015
3067
6469
1819
5404
9199
9728
9938
5993
7291
6224
3238
904
500
312
1865
268
766
3672
7868
8599
4052
2178
9532
8637
9561
1529
3261
9817
2848
6667
6438
2062
1961
6801
6045
3600
4670
9540
5221
724
5005
1954
2709
2662
3782
7585
603
2250
4103
3571
9793
8341
342
9323
1294
4028
3311
9568
1792
3676
1359
3647
4968
1949
6528
7109
615
3793
6149
4877
1128
289
8105
791
1677
6538
7635
2362
431
5875
93
3211
7712
6147
453
9262
9587
625
3811
2413
6895
5915
1068
7575
2272
6667
4663
1274
9310
4519
4526
2340
3282
8776
9751
3142
2198
9646
7843
3787
412
4289
886
1559
1218
6970
4953
1875
5732
4356
8701
1944
5586
9213
7665
7258
5652
7586
1077
7816
9228
7146
6655
2320
8699
2257
990
5128
7942
232
6158
4795
2698
8155
3756
3920
446
8595
4218
2529
744
8669
6900
219
2658
4619
1732
4225
3182
6361
5603
2662
6312
5874
2593
699
9627
3252
2456
1973
3127
6610
5836
6578
9138
9049
3861
6846
6076
8869
4591
385
2567
5156
3521
8395
8982
7707
894
9331
6021
24
3193
6381
1514
4967
4972
2682
9707
7961
2667
1844
2513
9922
6100
1354
6811
531
1481
456
2101
4007
8386
3930
6073
7393
492
3347
3207
5190
4279
6153
3330
8663
3919
9716
9099
7058
4088
8967
2274
4568
2496
4781
4170
4146
447
9592
1421
5376
946
5046
1359
291
2185
8837
295
940
397
3817
2828
1076
6982
4827
8428
7741
5740
2516
9410
4841
45
8506
7593
3242
3470
2698
6716
1625
1109
5559
8368
5579
8311
8321
3397
2368
8541
7338
6728
2270
8172
421
349
510
2837
3744
6027
7477
3434
4804
568
9381
610
6810
5622
5061
3935
448
9310
1999
6286
7309
2749
4041
911
2625
7676
9414
7046
8224
8261
5373
8336
1184
4354
394
2714
5089
3303
7300
2431
1245
6771
6271
6128
416
7716
8626
121
1994
9961
508
8450
8386
1051
3955
3971
2173
3134
1741
7723
3007
3012
5154
1603
9842
6740
7073
7918
9301
9897
3091
3284
3910
2765
5005
7375
1347
7688
682
6150
7006
4452
7992
6040
3359
2227
6657
603
6894
4786
9725
7638
6993
7727
1270
9963
930
7178
3116
6793
7845
8536
9946
8897
9512
1070
2377
2167
5420
3516
8259
5724
1492
9111
8123
1770
3356
4923
8235
6271
283
961
9342
7053
9275
8846
4287
1601
1929
1420
7762
883
5976
2717
6641
7293
9403
284
8009
8752
2243
2871
3767
435
4405
3578
1869
4318
4992
3645
1225
1558
4317
3298
6632
3273
4440
5271
9527
1517
3262
2995
7546
3235
4439
7326
2241
8850
5110
7857
9895
2417
9679
7585
7132
4229
1033
3574
4102
1101
1443
3665
4612
2169
76
3981
3235
4034
861
7300
8757
2598
8922
7045
1838
3939
538
4181
8416
4598
34
709
554
7188
6617
9186
4732
8937
5143
2594
4222
1038
5839
8877
6594
8929
511
2970
6392
6880
3477
2156
2960
2853
3076
957
5605
3513
7064
2026
9896
7922
2214
7374
6410
3055
200
3363
2158
8742
9607
7446
9998
7323
6170
107
125
2244
1518
1842
3405
2554
7174
6760
6802
5411
2837
5424
9415
3982
6137
9299
2319
1790
5403
4166
1182
4283
4132
5500
8682
181
9171
8251
9260
3578
3148
643
3531
5946
6402
4412
4411
3306
3400
7727
2466
5750
1653
9992
3899
1642
2598
8602
7775
7058
4153
708
4192
3872
7607
675
5560
3214
1521
5672
8210
468
8510
7931
8198
685
7571
3344
7915
118
7397
3065
280
4470
3147
9212
2523
5988
5079
2231
3102
5237
4263
7169
7591
789
6375
5362
6032
1848
1753
3685
342
4625
7783
3581
3653
531
4840
1847
9715
2711
9890
479
8092
61
8352
6485
1583
3558
3236
6640
1590
4656
5101
9795
3595
8275
4444
8496
7017
7981
1300
9579
7522
1417
7521
4433
4176
838
8202
6440
1213
5076
8169
4599
4662
593
171
218
8509
4086
7747
751
206
8764
8980
5381
5557
5539
1311
406
1886
4163
7305
8417
1676
3252
9761
8717
4958
5916
2289
4187
2175
9943
2242
2524
3502
4796
1685
4899
2494
1581
319
4875
670
1663
84
1260
1355
3291
8568
3882
1524
2531
6017