9999
9998
9997
9996
9996
9996
9995
9993
9993
9993
9992
9989
9988
9988
9988
9984
9983
9983
9982
9981
9981
9980
9978
9977
9977
9975
9975
9975
9974
9973
9971
9971
9970
9970
9969
9964
9964
9960
9960
9959
9959
9958
9958
9957
9956
9956
9953
9951
9950
9950
9948
9946
9945
9945
9943
9943
9943
9941
9939
9937
9937
9936
9935
9933
9932
9928
9928
9927
9926
9926
9925
9925
9924
9924
9923
9922
9921
9920
9920
9919
9919
9917
9917
9916
9915
9915
9914
9913
9911
9911
9908
9908
9905
9904
9903
9902
9902
9901
9900
9900
9899
9898
9898
9897
9896
9895
9895
9895
9893
9892
9892
9891
9890
9889
9889
9886
9884
9883
9883
9882
9882
9881
9881
9880
9880
9880
9880
9880
9876
9875
9874
9873
9872
9872
9871
9870
9868
9868
9868
9867
9866
9863
9862
9861
9861
9860
9860
9857
9856
9854
9853
9853
9853
9851
9851
9851
9850
9849
9848
9848
9844
9844
9842
9842
9842
9842
9840
9837
9837
9836
9836
9835
9834
9832
9828
9828
9827
9827
9824
9824
9823
9816
9816
9816
9815
9815
9815
9812
9809
9808
9807
9806
9803
9802
9802
9800
9800
9799
9795
9794
9793
9791
9789
9788
9788
9788
9787
9784
9784
9784
9784
9782
9780
9780
9776
9775
9775
9774
9773
9773
9773
9772
9772
9770
9770
9769
9766
9765
9764
9762
9761
9760
9760
9760
9758
9758
9758
9757
9755
9755
9753
9753
9752
9752
9751
9751
9749
9749
9748
9744
9743
9742
9741
9740
9739
9735
9734
9734
9733
9733
9732
9732
9732
9729
9726
9724
9721
9719
9719
9718
9718
9717
9717
9717
9715
9714
9714
9714
9711
9710
9710
9707
9705
9703
9703
9702
9699
9699
9699
9697
9691
9690
9689
9689
9688
9685
9685
9684
9682
9681
9679
9674
9674
9673
9673
9673
9672
9672
9671
9670
9667
9667
9667
9666
9664
9664
9661
9658
9657
9657
9656
9656
9655
9654
9654
9653
9652
9652
9650
9649
9647
9646
9645
9643
9640
9640
9640
9639
9639
9638
9635
9632
9630
9629
9629
9628
9624
9624
9622
9615
9615
9614
9611
9610
9608
9607
9607
9605
9604
9603
9603
9603
9602
9602
9602
9599
9599
9598
9597
9594
9594
9593
9592
9591
9590
9590
9590
9589
9588
9585
9585
9585
9582
9581
9580
9579
9577
9577
9576
9574
9573
9570
9570
9570
9569
9569
9569
9569
9568
9568
9566
9566
9565
9565
9565
9564
9563
9563
9562
9560
9558
9556
9552
9551
9550
9550
9549
9549
9547
9545
9544
9543
9542
9542
9539
9538
9538
9537
9535
9534
9532
9531
9529
9527
9527
9527
9526
9525
9524
9521
9521
9519
9516
9516
9516
9514
9514
9512
9512
9512
9509
9509
9508
9507
9506
9506
9503
9502
9500
9499
9499
9497
9494
9494
9492
9490
9490
9489
9488
9487
9487
9486
9486
9483
9482
9481
9478
9478
9471
9471
9471
9470
9469
9468
9468
9468
9467
9466
9466
9466
9465
9465
9465
9465
9463
9463
9461
9458
9456
9453
9453
9452
9451
9449
9449
9449
9446
9444
9443
9443
9442
9440
9439
9438
9436
9434
9431
9431
9430
9426
9425
9425
9423
9423
9421
9420
9420
9418
9418
9417
9416
9416
9415
9414
9412
9411
9409
9408
9408
9405
9405
9404
9404
9403
9402
9401
9397
9394
9393
9393
9393
9393
9391
9391
9389
9389
9389
9388
9386
9384
9383
9379
9379
9379
9377
9377
9373
9373
9367
9364
9364
9363
9359
9358
9358
9354
9351
9351
9349
9347
9346
9345
9342
9341
9339
9339
9338
9336
9335
9335
9335
9333
9333
9332
9330
9330
9330
9327
9326
9322
9321
9320
9319
9318
9318
9314
9313
9311
9308
9307
9306
9305
9304
9304
9304
9303
9302
9301
9300
9300
9298
9297
9297
9295
9293
9289
9289
9287
9284
9283
9283
9282
9281
9281
9281
9280
9280
9279
9279
9279
9278
9277
9277
9276
9276
9275
9275
9274
9274
9270
9269
9268
9267
9266
9266
9265
9265
9264
9264
9263
9262
9261
9261
9260
9260
9260
9256
9255
9251
9248
9244
9242
9240
9239
9239
9238
9238
9237
9237
9235
9233
9231
9229
9228
9228
9227
9226
9226
9225
9225
9224
9223
9222
9222
9222
9220
9219
9219
9219
9219
9218
9217
9216
9214
9212
9212
9210
9210
9210
9208
9208
9207
9204
9202
9202
9201
9200
9197
9194
9193
9193
9191
9189
9187
9186
9186
9186
9185
9185
9183
9182
9178
9177
9176
9173
9173
9172
9171
9171
9171
9169
9169
9168
9168
9164
9161
9161
9161
9160
9160
9159
9158
9157
9156
9155
9155
9155
9154
9150
9150
9149
9149
9148
9148
9146
9145
9144
9143
9141
9141
9140
9138
9137
9136
9136
9134
9134
9133
9132
9131
9130
9129
9122
9122
9122
9120
9119
9118
9118
9116
9116
9114
9114
9112
9111
9109
9109
9108
9108
9106
9106
9105
9104
9104
9103
9101
9099
9097
9097
9096
9096
9096
9094
9092
9092
9092
9089
9087
9086
9084
9084
9083
9082
9082
9080
9080
9080
9080
9079
9077
9076
9076
9075
9075
9075
9075
9073
9073
9072
9072
9071
9071
9070
9069
9068
9067
9067
9064
9063
9062
9061
9060
9059
9058
9055
9054
9054
9054
9052
9051
9050
9048
9048
9048
9046
9046
9045
9045
9044
9043
9040
9040
9040
9039
9039
9038
9037
9031
9028
9026
9026
9026
9026
9024
9023
9021
9020
9018
9017
9015
9013
9010
9009
9008
9007
9006
9005
9005
9004
9004
9003
9000
9000
8999
8999
8998
8996
8993
8992
8992
8992
8989
8989
8986
8986
8986
8986
8986
8985
8984
8982
8982
8981
8978
8978
8977
8975
8974
8973
8972
8972
8971
8970
8970
8970
8969
8967
8964
8964
8964
8960
8960
8957
8953
8953
8952
8951
8950
8950
8950
8950
8950
8950
8949
8949
8946
8944
8944
8944
8944
8943
8942
8942
8941
8941
8940
8939
8937
8937
8936
8935
8934
8929
8929
8925
8925
8924
8923
8923
8921
8921
8921
8920
8919
8916
8916
8914
8914
8913
8911
8910
8910
8908
8907
8907
8907
8906
8906
8905
8905
8904
8903
8903
8902
8901
8901
8900
8897
8895
8893
8893
8890
8889
8889
8889
8888
8888
8886
8884
8883
8882
8882
8880
8879
8879
8878
8877
8876
8875
8875
8874
8874
8873
8873
8871
8870
8868
8868
8867
8864
8864
8862
8862
8862
8862
8861
8860
8857
8857
8856
8855
8855
8855
8850
8849
8848
8848
8845
8845
8844
8842
8842
8841
8837
8836
8836
8835
8835
8834
8833
8833
8831
8829
8823
8822
8821
8820
8820
8819
8819
8816
8815
8815
8814
8814
8814
8813
8813
8812
8812
8811
8810
8808
8808
8808
8807
8805
8805
8804
8802
8802
8801
8800
8800
8799
8796
8796
8795
8794
8793
8792
8792
8787
8786
8784
8784
8783
8783
8780
8780
8776
8775
8774
8772
8771
8771
8771
8769
8769
8765
8764
8764
8763
8759
8759
8759
8758
8757
8757
8756
8756
8756
8755
8754
8754
8754
8752
8751
8750
8747
8747
8747
8746
8746
8745
8745
8744
8743
8742
8741
8741
8741
8740
8740
8736
8735
8733
8732
8730
8729
8726
8725
8724
8724
8722
8721
8720
8719
8719
8717
8716
8715
8713
8713
8712
8710
8709
8709
8706
8706
8706
8702
8698
8698
8697
8695
8694
8692
8691
8690
8688
8687
8685
8684
8684
8683
8682
8682
8681
8679
8671
8669
8669
8667
8667
8665
8664
8664
8662
8662
8661
8657
8654
8654
8653
8653
8653
8653
8650
8649
8649
8646
8646
8645
8643
8642
8637
8637
8633
8632
8632
8629
8629
8628
8628
8627
8626
8626
8625
8622
8621
8620
8620
8620
8617
8616
8615
8614
8614
8611
8610
8609
8609
8608
8606
8606
8603
8602
8601
8600
8597
8596
8595
8595
8594
8594
8593
8592
8591
8590
8590
8587
8587
8585
8585
8585
8582
8582
8582
8580
8580
8579
8579
8578
8578
8578
8577
8577
8576
8576
8576
8573
8572
8571
8571
8570
8565
8564
8563
8562
8562
8561
8560
8560
8559
8556
8554
8553
8553
8551
8549
8548
8547
8546
8545
8544
8544
8542
8541
8540
8540
8539
8537
8535
8534
8533
8533
8532
8529
8529
8528
8528
8525
8525
8524
8523
8521
8521
8521
8520
8518
8515
8513
8511
8510
8508
8508
8505
8503
8502
8501
8501
8501
8500
8500
8499
8498
8498
8498
8497
8496
8496
8496
8495
8494
8494
8493
8491
8491
8489
8488
8487
8486
8486
8484
8483
8481
8479
8479
8479
8479
8478
8477
8477
8477
8475
8474
8474
8472
8471
8469
8468
8467
8464
8463
8462
8462
8461
8461
8460
8459
8458
8457
8457
8456
8455
8455
8453
8452
8451
8451
8450
8449
8448
8448
8447
8447
8446
8445
8445
8443
8443
8443
8442
8442
8441
8441
8440
8439
8439
8436
8436
8436
8435
8435
8434
8432
8431
8429
8429
8427
8426
8426
8426
8425
8424
8421
8421
8419
8417
8417
8415
8414
8411
8410
8407
8407
8406
8405
8403
8403
8401
8401
8399
8399
8396
8395
8392
8391
8390
8390
8388
8387
8387
8386
8386
8386
8385
8383
8383
8380
8380
8375
8374
8373
8372
8371
8363
8362
8361
8361
8361
8359
8359
8359
8358
8357
8356
8356
8355
8354
8353
8353
8353
8352
8351
8350
8350
8348
8346
8345
8344
8342
8339
8339
8338
8338
8335
8333
8332
8332
8330
8329
8326
8324
8324
8324
8323
8322
8320
8319
8319
8318
8316
8316
8316
8315
8313
8309
8308
8308
8307
8306
8303
8300
8300
8298
8298
8297
8297
8296
8292
8292
8291
8290
8289
8289
8289
8288
8287
8286
8285
8284
8284
8282
8281
8280
8279
8279
8278
8278
8278
8276
8274
8272
8270
8267
8266
8266
8265
8262
8262
8260
8259
8256
8256
8256
8255
8252
8251
8251
8250
8246
8246
8245
8245
8242
8238
8236
8236
8234
8233
8233
8232
8232
8232
8230
8230
8230
8230
8230
8229
8227
8227
8224
8223
8221
8220
8218
8217
8216
8213
8212
8209
8207
8206
8204
8204
8204
8203
8200
8198
8194
8189
8188
8188
8187
8186
8185
8184
8184
8184
8182
8181
8179
8179
8176
8176
8174
8169
8169
8168
8166
8166
8164
8164
8163
8162
8162
8159
8157
8157
8156
8155
8154
8153
8152
8150
8149
8147
8147
8147
8138
8138
8137
8135
8134
8133
8130
8129
8129
8128
8128
8126
8125
8125
8124
8121
8120
8120
8118
8117
8115
8115
8115
8114
8113
8112
8111
8110
8110
8109
8107
8105
8104
8103
8103
8101
8101
8099
8098
8098
8098
8097
8097
8095
8094
8092
8089
8089
8088
8086
8084
8084
8083
8082
8080
8080
8080
8080
8079
8078
8077
8076
8076
8075
8073
8072
8071
8071
8064
8062
8060
8060
8058
8058
8056
8056
8055
8054
8052
8051
8051
8049
8048
8048
8048
8047
8043
8041
8041
8040
8039
8039
8037
8037
8036
8035
8035
8031
8030
8026
8026
8026
8025
8024
8023
8023
8021
8021
8021
8020
8019
8019
8019
8017
8017
8015
8015
8013
8011
8009
8008
8008
8004
8004
8003
8001
8001
8000
7999
7998
7996
7992
7992
7992
7990
7990
7990
7990
7988
7988
7988
7987
7986
7982
7982
7981
7979
7978
7976
7975
7972
7971
7970
7968
7966
7966
7965
7965
7965
7964
7964
7964
7962
7961
7961
7961
7960
7959
7959
7959
7957
7957
7955
7955
7954
7953
7952
7951
7950
7949
7948
7948
7947
7944
7943
7942
7941
7940
7940
7939
7939
7938
7936
7935
7935
7935
7933
7932
7931
7928
7927
7927
7926
7925
7925
7925
7921
7921
7919
7918
7918
7918
7915
7915
7914
7914
7913
7913
7911
7910
7906
7905
7905
7903
7903
7899
7897
7897
7897
7896
7896
7891
7889
7889
7889
7889
7888
7887
7886
7885
7884
7883
7881
7881
7881
7881
7880
7879
7878
7878
7875
7874
7868
7868
7866
7865
7861
7861
7860
7859
7858
7858
7858
7856
7854
7854
7853
7852
7850
7847
7845
7844
7842
7842
7840
7839
7839
7837
7836
7836
7836
7835
7834
7834
7834
7833
7833
7831
7830
7830
7829
7828
7827
7826
7826
7823
7822
7819
7818
7818
7818
7816
7812
7810
7810
7809
7809
7808
7805
7805
7805
7804
7803
7803
7802
7802
7799
7799
7799
7799
7798
7798
7796
7791
7787
7784
7779
7779
7779
7778
7778
7777
7777
7775
7774
7773
7773
7773
7772
7772
7770
7768
7766
7765
7765
7763
7763
7762
7762
7761
7760
7759
7756
7755
7754
7753
7753
7752
7751
7750
7750
7747
7747
7746
7745
7744
7743
7743
7742
7740
7740
7738
7733
7732
7730
7728
7728
7727
7725
7716
7714
7712
7711
7711
7710
7710
7709
7708
7707
7707
7707
7706
7706
7704
7704
7704
7703
7701
7699
7698
7697
7697
7697
7694
7694
7689
7688
7688
7687
7686
7685
7685
7685
7683
7682
7680
7678
7674
7674
7674
7673
7672
7671
7671
7671
7671
7671
7671
7671
7670
7670
7669
7668
7667
7667
7666
7663
7663
7663
7663
7661
7658
7657
7657
7657
7653
7652
7651
7649
7648
7648
7648
7647
7647
7646
7645
7644
7643
7641
7640
7640
7640
7638
7635
7634
7634
7632
7631
7631
7630
7629
7628
7628
7625
7623
7620
7618
7616
7615
7614
7614
7613
7613
7612
7611
7610
7610
7610
7610
7609
7608
7607
7606
7606
7606
7605
7605
7604
7604
7604
7603
7603
7602
7602
7599
7599
7598
7596
7595
7588
7586
7586
7585
7585
7584
7583
7582
7582
7580
7580
7579
7578
7577
7576
7576
7576
7575
7573
7572
7571
7570
7567
7565
7565
7564
7563
7561
7560
7559
7557
7556
7556
7555
7555
7555
7554
7553
7553
7552
7550
7550
7549
7549
7549
7548
7548
7548
7547
7545
7545
7543
7543
7542
7541
7541
7541
7539
7539
7539
7536
7536
7535
7535
7533
7532
7532
7532
7531
7530
7529
7526
7526
7525
7525
7524
7523
7522
7522
7520
7520
7517
7516
7515
7513
7513
7512
7512
7512
7511
7511
7511
7509
7509
7508
7507
7507
7506
7498
7498
7498
7498
7497
7496
7495
7493
7493
7486
7482
7479
7479
7478
7477
7473
7473
7473
7471
7465
7464
7464
7462
7461
7461
7459
7458
7456
7455
7450
7450
7447
7446
7446
7446
7445
7445
7444
7441
7441
7440
7439
7438
7437
7437
7435
7435
7435
7434
7434
7434
7433
7432
7432
7431
7429
7428
7427
7426
7426
7426
7421
7421
7420
7420
7419
7418
7416
7415
7415
7413
7412
7410
7410
7408
7405
7405
7403
7401
7398
7398
7395
7395
7393
7392
7391
7390
7390
7390
7390
7388
7386
7386
7386
7385
7385
7384
7384
7381
7378
7378
7376
7376
7376
7376
7374
7371
7371
7369
7368
7367
7365
7364
7364
7363
7363
7362
7361
7360
7360
7358
7356
7356
7355
7353
7353
7352
7352
7350
7349
7348
7347
7347
7347
7347
7345
7342
7342
7341
7341
7339
7338
7337
7337
7336
7335
7331
7327
7326
7325
7320
7319
7319
7318
7314
7312
7312
7311
7311
7311
7310
7310
7310
7309
7309
7308
7306
7306
7306
7306
7304
7303
7301
7300
7300
7299
7299
7298
7298
7297
7294
7293
7292
7291
7290
7290
7290
7290
7289
7288
7287
7286
7284
7282
7281
7280
7277
7276
7276
7276
7275
7270
7270
7270
7270
7270
7269
7268
7268
7267
7266
7266
7264
7262
7260
7258
7257
7256
7256
7251
7250
7250
7250
7249
7248
7248
7247
7246
7242
7241
7241
7241
7241
7239
7237
7237
7237
7236
7236
7236
7236
7233
7232
7231
7230
7229
7229
7227
7227
7227
7226
7224
7223
7220
7219
7218
7217
7216
7216
7215
7214
7213
7211
7210
7210
7205
7203
7202
7202
7200
7199
7199
7198
7195
7194
7193
7192
7191
7189
7189
7188
7188
7186
7186
7184
7184
7183
7182
7182
7182
7177
7176
7176
7175
7175
7174
7174
7172
7171
7169
7169
7167
7166
7166
7166
7162
7158
7158
7157
7157
7157
7156
7152
7151
7151
7150
7149
7149
7148
7146
7146
7142
7142
7141
7139
7136
7136
7135
7135
7134
7134
7133
7130
7130
7129
7129
7128
7127
7125
7121
7121
7119
7117
7117
7115
7114
7112
7112
7111
7107
7107
7107
7107
7106
7104
7104
7101
7100
7099
7094
7093
7093
7092
7089
7088
7088
7088
7085
7081
7081
7080
7080
7080
7078
7076
7075
7073
7072
7072
7071
7070
7068
7064
7062
7061
7061
7060
7060
7059
7053
7053
7050
7049
7049
7049
7048
7048
7047
7047
7046
7046
7045
7043
7041
7040
7040
7037
7036
7035
7034
7034
7031
7029
7027
7027
7026
7026
7024
7024
7024
7023
7022
7022
7021
7020
7019
7018
7018
7017
7017
7016
7015
7014
7014
7014
7013
7012
7010
7007
7007
7006
7004
7003
7003
7001
7000
6999
6997
6997
6995
6993
6991
6990
6990
6989
6988
6986
6985
6985
6984
6984
6981
6980
6979
6979
6978
6977
6974
6972
6972
6971
6971
6971
6969
6968
6968
6966
6963
6962
6962
6961
6961
6961
6960
6960
6959
6958
6956
6955
6954
6953
6953
6949
6947
6945
6945
6944
6943
6942
6937
6936
6936
6934
6932
6931
6931
6930
6929
6929
6928
6928
6928
6927
6926
6923
6918
6916
6916
6915
6915
6911
6911
6910
6910
6909
6905
6902
6902
6901
6900
6898
6897
6897
6897
6897
6895
6895
6894
6894
6894
6893
6892
6892
6890
6890
6888
6887
6886
6885
6885
6884
6883
6882
6882
6881
6880
6880
6880
6880
6878
6875
6873
6872
6871
6868
6867
6866
6866
6866
6863
6860
6860
6860
6860
6859
6859
6858
6857
6855
6854
6853
6853
6852
6851
6851
6849
6849
6848
6847
6843
6843
6843
6843
6842
6842
6842
6840
6839
6835
6834
6832
6830
6830
6830
6830
6826
6826
6824
6824
6824
6822
6821
6820
6818
6818
6817
6814
6813
6809
6808
6807
6806
6806
6806
6805
6804
6804
6803
6802
6801
6801
6800
6800
6800
6798
6798
6797
6796
6795
6795
6794
6793
6791
6789
6789
6788
6786
6786
6785
6784
6780
6778
6778
6777
6776
6776
6776
6775
6773
6770
6770
6769
6769
6768
6765
6765
6764
6763
6762
6759
6756
6756
6756
6755
6751
6750
6749
6748
6747
6746
6746
6746
6745
6745
6745
6743
6743
6741
6741
6739
6738
6738
6737
6732
6730
6729
6729
6728
6726
6725
6725
6723
6722
6722
6721
6721
6721
6717
6717
6714
6712
6711
6710
6709
6707
6705
6704
6703
6703
6700
6700
6700
6700
6698
6698
6698
6697
6696
6696
6695
6694
6693
6692
6689
6688
6688
6686
6685
6684
6684
6682
6679
6679
6678
6677
6676
6676
6674
6673
6672
6672
6671
6670
6670
6669
6669
6668
6668
6667
6667
6667
6666
6665
6664
6663
6660
6659
6658
6658
6657
6655
6652
6652
6649
6648
6646
6645
6645
6645
6643
6641
6641
6639
6638
6637
6637
6636
6636
6630
6630
6629
6629
6628
6626
6623
6622
6620
6619
6619
6618
6616
6614
6614
6612
6612
6609
6608
6608
6606
6606
6605
6601
6601
6600
6599
6597
6595
6595
6594
6594
6593
6592
6591
6590
6587
6587
6586
6586
6586
6584
6580
6579
6573
6572
6570
6570
6570
6569
6569
6567
6567
6567
6567
6566
6565
6563
6562
6562
6561
6561
6561
6560
6560
6559
6559
6559
6558
6558
6558
6558
6557
6556
6556
6550
6548
6547
6546
6546
6544
6543
6543
6542
6540
6539
6538
6538
6538
6537
6536
6536
6534
6534
6534
6533
6532
6532
6530
6528
6528
6528
6527
6526
6526
6526
6525
6525
6524
6522
6522
6522
6516
6515
6511
6510
6508
6507
6504
6503
6502
6501
6498
6498
6497
6496
6494
6494
6492
6492
6492
6490
6489
6489
6488
6487
6486
6485
6484
6483
6483
6482
6482
6481
6479
6479
6477
6476
6475
6474
6474
6474
6472
6469
6468
6468
6468
6466
6466
6464
6464
6462
6462
6460
6459
6459
6458
6457
6456
6454
6453
6453
6452
6452
6450
6450
6449
6449
6449
6448
6445
6444
6444
6443
6441
6440
6440
6438
6437
6437
6437
6436
6433
6433
6431
6430
6428
6428
6426
6426
6425
6425
6423
6423
6422
6422
6421
6420
6420
6418
6418
6416
6415
6414
6413
6412
6412
6410
6410
6408
6407
6406
6406
6406
6406
6405
6404
6403
6402
6402
6402
6399
6399
6399
6398
6396
6396
6395
6395
6394
6393
6393
6391
6390
6389
6389
6388
6385
6385
6384
6382
6382
6381
6381
6379
6379
6377
6375
6375
6374
6370
6369
6368
6368
6367
6367
6366
6365
6362
6362
6359
6357
6356
6353
6351
6351
6350
6348
6348
6347
6347
6346
6345
6344
6342
6341
6340
6338
6338
6337
6335
6334
6334
6330
6330
6328
6328
6327
6326
6326
6325
6325
6323
6321
6320
6319
6316
6314
6313
6312
6311
6310
6309
6307
6307
6306
6305
6300
6298
6298
6297
6296
6295
6293
6291
6290
6289
6288
6285
6285
6285
6284
6281
6279
6278
6274
6274
6273
6272
6272
6270
6269
6266
6265
6265
6264
6261
6260
6260
6257
6256
6254
6254
6254
6251
6251
6251
6250
6250
6250
6249
6248
6246
6245
6244
6241
6237
6237
6233
6232
6231
6231
6229
6227
6227
6227
6226
6226
6226
6222
6221
6221
6219
6218
6217
6216
6214
6214
6213
6212
6211
6210
6209
6207
6206
6205
6204
6204
6203
6203
6201
6200
6200
6200
6199
6198
6197
6196
6194
6191
6191
6189
6189
6188
6186
6185
6185
6184
6183
6183
6181
6180
6178
6178
6177
6175
6174
6174
6172
6171
6166
6165
6164
6163
6162
6162
6158
6155
6154
6154
6152
6152
6150
6149
6148
6147
6146
6142
6141
6139
6139
6134
6134
6133
6132
6132
6130
6130
6128
6127
6127
6126
6125
6123
6120
6119
6118
6117
6117
6116
6115
6115
6114
6114
6113
6112
6110
6109
6107
6107
6106
6105
6102
6102
6100
6099
6095
6094
6093
6093
6092
6092
6090
6090
6085
6084
6082
6082
6079
6078
6076
6073
6068
6066
6066
6066
6066
6065
6065
6065
6062
6059
6058
6058
6057
6056
6054
6054
6050
6048
6048
6047
6046
6045
6045
6044
6044
6041
6041
6041
6035
6035
6035
6033
6031
6030
6029
6027
6026
6026
6024
6023
6022
6022
6019
6017
6015
6015
6011
6011
6010
6009
6009
6009
6009
6004
6002
6002
6002
6002
6001
5996
5991
5990
5988
5986
5986
5981
5981
5981
5979
5979
5978
5978
5978
5977
5977
5977
5975
5974
5973
5972
5970
5969
5967
5963
5960
5959
5958
5957
5957
5957
5956
5955
5953
5953
5953
5951
5948
5947
5947
5946
5943
5943
5940
5939
5939
5938
5937
5937
5937
5935
5933
5933
5931
5927
5925
5925
5924
5924
5923
5923
5922
5921
5921
5921
5921
5921
5918
5918
5918
5916
5915
5915
5915
5914
5914
5912
5911
5911
5910
5909
5906
5906
5906
5905
5904
5903
5902
5901
5900
5900
5899
5899
5899
5898
5898
5897
5896
5895
5894
5890
5887
5884
5884
5883
5883
5882
5881
5881
5880
5877
5877
5876
5874
5873
5871
5870
5869
5868
5864
5864
5863
5863
5862
5862
5859
5858
5857
5857
5856
5855
5850
5849
5847
5847
5847
5847
5843
5842
5842
5840
5840
5839
5839
5838
5837
5837
5837
5836
5835
5835
5835
5834
5834
5833
5833
5832
5831
5831
5830
5829
5829
5829
5827
5826
5826
5825
5823
5821
5820
5820
5819
5819
5819
5818
5817
5816
5816
5816
5813
5811
5809
5809
5807
5806
5806
5806
5806
5805
5804
5804
5803
5802
5802
5800
5800
5800
5797
5797
5796
5796
5795
5794
5794
5791
5791
5790
5789
5788
5788
5786
5785
5784
5784
5783
5782
5776
5776
5775
5772
5771
5771
5769
5768
5767
5767
5767
5766
5766
5766
5765
5762
5760
5759
5759
5758
5758
5757
5754
5753
5753
5752
5751
5747
5747
5744
5743
5742
5741
5741
5741
5740
5740
5739
5738
5737
5735
5735
5733
5732
5731
5731
5729
5728
5727
5727
5726
5726
5726
5724
5721
5720
5719
5716
5715
5714
5712
5712
5711
5711
5710
5710
5709
5708
5707
5707
5707
5706
5704
5703
5702
5702
5701
5700
5698
5697
5689
5687
5685
5685
5684
5684
5684
5682
5682
5680
5679
5679
5678
5676
5673
5673
5671
5670
5670
5670
5670
5669
5669
5668
5665
5665
5665
5656
5656
5656
5655
5655
5654
5654
5650
5650
5650
5649
5649
5647
5647
5647
5646
5642
5642
5642
5641
5639
5638
5638
5635
5634
5631
5630
5630
5630
5629
5626
5625
5625
5624
5623
5623
5622
5619
5618
5618
5616
5615
5613
5612
5612
5612
5611
5610
5610
5610
5609
5609
5609
5608
5607
5605
5604
5600
5599
5598
5597
5597
5597
5597
5596
5596
5593
5591
5591
5591
5590
5590
5588
5586
5586
5584
5582
5581
5581
5581
5580
5578
5577
5577
5576
5576
5576
5576
5575
5575
5574
5573
5573
5571
5566
5566
5565
5561
5557
5556
5555
5554
5552
5552
5551
5551
5548
5548
5548
5547
5545
5544
5543
5542
5541
5539
5539
5539
5538
5536
5534
5533
5527
5525
5525
5524
5523
5523
5521
5518
5518
5517
5516
5515
5514
5513
5513
5511
5510
5510
5509
5509
5508
5507
5507
5506
5505
5502
5499
5498
5497
5491
5491
5491
5491
5489
5489
5488
5486
5485
5484
5484
5483
5482
5482
5481
5480
5480
5478
5477
5477
5475
5475
5475
5474
5473
5469
5468
5467
5467
5465
5464
5463
5462
5460
5458
5455
5455
5453
5452
5450
5449
5448
5447
5445
5442
5442
5440
5438
5437
5437
5436
5434
5433
5433
5432
5430
5428
5427
5427
5425
5424
5423
5420
5419
5419
5417
5417
5416
5415
5415
5414
5414
5413
5412
5411
5411
5410
5410
5408
5405
5404
5403
5403
5402
5402
5402
5402
5401
5401
5399
5397
5397
5395
5395
5395
5394
5391
5388
5387
5385
5384
5382
5380
5380
5380
5379
5377
5377
5376
5376
5376
5376
5374
5372
5372
5371
5371
5371
5371
5370
5368
5368
5367
5366
5365
5365
5365
5359
5357
5357
5356
5356
5355
5355
5354
5354
5354
5353
5351
5350
5350
5349
5349
5348
5347
5345
5345
5344
5343
5340
5340
5339
5339
5338
5338
5338
5337
5337
5336
5336
5335
5335
5334
5333
5332
5330
5330
5330
5328
5328
5324
5323
5322
5322
5322
5321
5319
5318
5318
5317
5317
5316
5315
5315
5311
5311
5310
5309
5307
5307
5306
5306
5304
5304
5303
5302
5301
5301
5301
5301
5298
5297
5297
5296
5295
5294
5293
5293
5293
5292
5292
5291
5290
5288
5287
5285
5283
5282
5281
5280
5279
5278
5278
5277
5276
5276
5273
5268
5267
5266
5264
5264
5264
5263
5262
5260
5259
5259
5258
5257
5256
5254
5252
5252
5251
5251
5248
5248
5247
5246
5245
5243
5239
5238
5238
5237
5236
5235
5234
5232
5229
5226
5225
5223
5221
5219
5219
5219
5217
5217
5216
5214
5213
5211
5211
5211
5207
5204
5203
5203
5203
5202
5202
5202
5198
5197
5197
5196
5196
5194
5194
5193
5193
5192
5192
5191
5191
5190
5190
5190
5189
5189
5188
5188
5187
5185
5183
5180
5175
5174
5173
5172
5171
5169
5168
5167
5167
5165
5165
5164
5162
5162
5162
5162
5161
5160
5158
5156
5156
5153
5152
5148
5147
5145
5145
5145
5144
5143
5143
5141
5140
5140
5139
5138
5138
5138
5137
5137
5136
5134
5133
5133
5133
5132
5131
5130
5129
5129
5127
5125
5124
5119
5118
5118
5118
5116
5114
5114
5113
5112
5112
5112
5112
5112
5112
5111
5110
5110
5109
5108
5108
5106
5105
5104
5103
5099
5096
5093
5091
5090
5090
5088
5087
5086
5085
5085
5084
5083
5083
5083
5083
5082
5082
5081
5080
5080
5079
5078
5077
5075
5074
5073
5072
5072
5069
5069
5069
5069
5067
5067
5065
5065
5065
5065
5065
5065
5064
5064
5063
5063
5063
5062
5062
5061
5060
5058
5058
5056
5056
5053
5052
5052
5052
5051
5050
5046
5046
5045
5044
5044
5043
5042
5038
5037
5036
5036
5034
5034
5033
5033
5032
5032
5032
5031
5029
5028
5028
5027
5027
5026
5024
5024
5023
5023
5023
5022
5020
5019
5018
5017
5017
5015
5014
5013
5012
5011
5011
5010
5010
5009
5008
5007
5004
5002
4998
4998
4997
4996
4995
4993
4992
4992
4991
4989
4988
4988
4987
4987
4986
4985
4985
4984
4983
4983
4982
4981
4980
4980
4979
4978
4977
4977
4977
4976
4975
4975
4972
4970
4968
4967
4966
4965
4962
4961
4958
4956
4955
4953
4952
4952
4947
4947
4947
4947
4946
4945
4943
4938
4938
4937
4937
4935
4935
4935
4934
4933
4933
4931
4930
4928
4926
4925
4925
4922
4919
4916
4915
4915
4914
4914
4914
4912
4912
4912
4910
4906
4905
4904
4904
4903
4902
4899
4899
4898
4897
4897
4897
4896
4896
4895
4892
4890
4890
4888
4887
4885
4885
4884
4884
4884
4883
4883
4882
4882
4880
4877
4876
4875
4874
4874
4871
4870
4870
4870
4868
4868
4867
4866
4865
4865
4861
4859
4858
4855
4851
4849
4848
4848
4847
4847
4847
4846
4846
4845
4845
4845
4844
4844
4842
4842
4841
4839
4839
4838
4838
4838
4836
4835
4834
4832
4831
4829
4826
4825
4825
4824
4821
4821
4821
4821
4821
4819
4817
4815
4815
4814
4813
4811
4810
4808
4807
4807
4804
4804
4802
4799
4796
4793
4793
4791
4791
4790
4787
4786
4784
4784
4783
4780
4779
4779
4775
4775
4775
4773
4773
4773
4772
4771
4770
4769
4768
4765
4764
4762
4761
4761
4761
4761
4760
4760
4760
4758
4758
4756
4755
4754
4753
4753
4753
4753
4752
4751
4749
4749
4747
4747
4746
4746
4746
4745
4745
4744
4743
4742
4742
4742
4741
4741
4741
4739
4738
4738
4734
4734
4732
4731
4731
4731
4729
4729
4729
4728
4728
4727
4726
4726
4725
4723
4722
4722
4721
4720
4719
4719
4719
4718
4718
4718
4717
4715
4714
4714
4714
4712
4712
4711
4711
4709
4708
4708
4705
4705
4705
4703
4702
4701
4701
4700
4700
4699
4697
4695
4694
4692
4688
4687
4685
4685
4684
4683
4683
4682
4682
4678
4678
4675
4673
4673
4670
4669
4664
4661
4660
4659
4658
4657
4657
4655
4654
4653
4652
4650
4648
4647
4647
4646
4645
4645
4644
4643
4643
4643
4642
4642
4640
4635
4632
4631
4630
4630
4630
4629
4629
4627
4627
4626
4625
4624
4624
4623
4622
4621
4621
4620
4620
4619
4619
4615
4612
4609
4608
4608
4607
4607
4605
4604
4600
4600
4600
4596
4596
4595
4594
4592
4591
4587
4587
4586
4582
4580
4579
4577
4577
4573
4572
4570
4570
4570
4568
4568
4564
4564
4561
4557
4557
4552
4552
4551
4551
4548
4547
4546
4545
4543
4542
4540
4536
4535
4533
4531
4530
4529
4529
4526
4523
4522
4521
4519
4519
4518
4518
4516
4516
4515
4515
4515
4515
4514
4513
4512
4512
4511
4510
4510
4510
4507
4506
4506
4506
4505
4504
4503
4503
4502
4501
4501
4498
4497
4496
4495
4492
4491
4490
4489
4488
4488
4487
4486
4484
4482
4481
4481
4481
4479
4479
4477
4476
4474
4473
4472
4472
4470
4469
4467
4466
4466
4465
4461
4460
4459
4457
4457
4457
4456
4455
4454
4454
4454
4454
4453
4452
4452
4449
4448
4447
4446
4445
4445
4445
4445
4443
4442
4441
4440
4438
4437
4437
4436
4432
4431
4430
4429
4429
4429
4429
4426
4426
4425
4425
4425
4423
4420
4420
4418
4417
4413
4411
4411
4410
4409
4409
4408
4407
4407
4407
4406
4406
4406
4405
4404
4403
4402
4402
4402
4402
4399
4399
4398
4396
4394
4394
4392
4392
4391
4389
4386
4382
4382
4381
4381
4381
4380
4379
4379
4376
4375
4374
4374
4373
4372
4371
4371
4368
4367
4363
4362
4362
4362
4362
4362
4361
4359
4359
4359
4358
4356
4356
4355
4353
4353
4352
4352
4352
4351
4349
4345
4345
4345
4342
4342
4341
4341
4341
4339
4338
4337
4333
4331
4330
4329
4329
4329
4328
4327
4327
4322
4321
4319
4318
4318
4317
4317
4315
4315
4314
4314
4312
4312
4308
4307
4306
4305
4300
4300
4299
4296
4295
4293
4291
4288
4287
4286
4286
4285
4285
4285
4284
4283
4279
4279
4279
4276
4276
4271
4269
4268
4267
4266
4266
4262
4261
4261
4260
4259
4259
4259
4259
4258
4258
4258
4257
4256
4256
4256
4255
4255
4255
4255
4254
4252
4251
4250
4250
4249
4249
4249
4249
4249
4249
4248
4248
4247
4245
4244
4243
4243
4242
4242
4239
4238
4238
4237
4235
4235
4235
4226
4225
4224
4221
4220
4220
4220
4218
4217
4217
4217
4217
4215
4213
4211
4208
4208
4208
4207
4207
4205
4205
4205
4204
4202
4202
4201
4201
4200
4200
4199
4198
4196
4195
4188
4188
4183
4182
4182
4182
4181
4181
4180
4180
4179
4178
4177
4175
4174
4173
4173
4172
4172
4165
4164
4161
4160
4159
4159
4156
4154
4151
4151
4150
4150
4150
4150
4150
4147
4146
4146
4145
4142
4141
4140
4140
4139
4138
4137
4137
4136
4136
4135
4134
4133
4130
4129
4129
4129
4128
4128
4127
4125
4125
4124
4124
4124
4122
4118
4117
4117
4113
4113
4112
4109
4107
4106
4105
4105
4105
4105
4104
4103
4100
4100
4100
4096
4095
4095
4094
4093
4091
4090
4089
4088
4087
4086
4086
4085
4082
4081
4081
4080
4079
4078
4076
4075
4074
4074
4074
4073
4072
4072
4072
4071
4069
4069
4068
4067
4067
4062
4062
4062
4060
4060
4059
4058
4058
4058
4055
4054
4054
4053
4053
4052
4051
4049
4047
4047
4045
4044
4044
4044
4044
4044
4044
4043
4040
4038
4037
4037
4036
4035
4032
4029
4028
4026
4025
4024
4021
4021
4020
4019
4019
4019
4017
4016
4011
4011
4011
4010
4009
4008
4005
4005
4003
4002
4001
4000
3998
3998
3998
3997
3997
3993
3993
3993
3992
3990
3988
3988
3986
3986
3986
3985
3984
3983
3983
3981
3980
3977
3976
3975
3974
3973
3972
3970
3969
3969
3968
3968
3968
3967
3967
3965
3964
3963
3963
3962
3961
3957
3956
3953
3953
3952
3949
3949
3948
3948
3947
3946
3945
3945
3942
3940
3939
3937
3935
3934
3934
3932
3931
3931
3931
3930
3928
3927
3927
3925
3923
3923
3922
3920
3919
3918
3918
3916
3915
3915
3915
3915
3911
3910
3909
3906
3906
3905
3905
3904
3903
3903
3903
3901
3901
3898
3894
3894
3893
3890
3887
3885
3885
3883
3880
3880
3879
3879
3879
3879
3879
3878
3875
3873
3873
3872
3870
3869
3868
3868
3867
3866
3866
3864
3864
3863
3863
3862
3859
3858
3858
3857
3857
3855
3850
3849
3848
3845
3845
3844
3843
3837
3837
3834
3833
3832
3832
3831
3831
3830
3829
3829
3828
3827
3825
3825
3822
3820
3820
3820
3819
3819
3815
3814
3812
3812
3811
3809
3809
3809
3807
3807
3806
3805
3805
3804
3803
3802
3802
3801
3800
3800
3799
3797
3797
3796
3795
3795
3794
3793
3792
3790
3789
3789
3787
3786
3786
3786
3785
3785
3784
3783
3783
3782
3781
3781
3781
3780
3778
3777
3775
3774
3773
3772
3771
3770
3770
3768
3767
3767
3766
3766
3766
3766
3765
3763
3762
3760
3759
3758
3756
3755
3754
3754
3751
3750
3744
3744
3739
3737
3732
3732
3732
3732
3730
3729
3728
3727
3727
3725
3724
3724
3723
3723
3722
3722
3720
3720
3719
3718
3716
3713
3705
3704
3700
3699
3699
3698
3698
3698
3697
3695
3694
3694
3690
3690
3687
3687
3686
3683
3683
3681
3678
3676
3675
3675
3674
3674
3673
3672
3670
3669
3668
3668
3667
3661
3661
3659
3659
3659
3657
3657
3656
3654
3652
3652
3651
3650
3649
3648
3647
3646
3646
3646
3644
3642
3640
3638
3638
3637
3636
3635
3634
3633
3633
3631
3626
3625
3625
3624
3623
3622
3620
3619
3619
3618
3615
3614
3613
3610
3610
3608
3608
3608
3608
3608
3604
3602
3601
3598
3598
3597
3597
3597
3597
3596
3593
3593
3591
3588
3588
3588
3585
3583
3583
3583
3578
3578
3577
3574
3572
3572
3571
3571
3569
3567
3567
3567
3565
3565
3565
3563
3562
3559
3559
3558
3557
3557
3554
3553
3553
3552
3550
3550
3548
3547
3546
3545
3545
3544
3541
3539
3539
3539
3539
3536
3535
3535
3532
3529
3528
3528
3526
3525
3522
3520
3517
3517
3514
3512
3511
3511
3511
3511
3511
3510
3510
3508
3507
3507
3507
3507
3506
3506
3505
3504
3503
3502
3495
3493
3491
3490
3489
3487
3486
3482
3482
3480
3478
3474
3474
3472
3471
3468
3467
3467
3466
3466
3465
3465
3464
3463
3462
3461
3460
3456
3455
3454
3453
3452
3451
3450
3449
3446
3446
3445
3443
3443
3442
3438
3438
3437
3436
3435
3434
3434
3434
3431
3430
3430
3430
3429
3428
3424
3422
3422
3421
3420
3419
3418
3417
3416
3415
3414
3414
3412
3409
3408
3406
3405
3402
3401
3398
3398
3398
3397
3397
3395
3395
3393
3392
3390
3388
3387
3387
3387
3386
3382
3381
3380
3378
3378
3377
3376
3375
3373
3371
3370
3369
3367
3367
3367
3364
3364
3364
3362
3361
3360
3360
3360
3358
3357
3357
3356
3355
3354
3353
3352
3351
3351
3349
3349
3345
3345
3345
3345
3344
3343
3342
3341
3340
3340
3336
3333
3331
3331
3331
3328
3325
3324
3320
3320
3320
3318
3318
3317
3316
3315
3314
3313
3313
3313
3312
3311
3310
3309
3309
3308
3304
3302
3302
3302
3301
3300
3299
3298
3297
3294
3294
3293
3292
3292
3291
3290
3290
3288
3287
3285
3284
3284
3283
3281
3280
3279
3276
3276
3275
3275
3273
3271
3270
3270
3269
3268
3266
3264
3261
3260
3260
3259
3258
3258
3257
3254
3254
3252
3249
3246
3245
3241
3240
3240
3240
3240
3240
3239
3238
3236
3236
3235
3234
3234
3233
3231
3229
3228
3224
3224
3224
3223
3221
3219
3217
3216
3215
3214
3213
3212
3211
3211
3211
3210
3210
3210
3208
3208
3208
3207
3207
3206
3206
3205
3204
3204
3204
3202
3201
3201
3199
3198
3197
3197
3196
3194
3193
3193
3191
3191
3190
3190
3190
3188
3187
3186
3186
3185
3183
3183
3181
3179
3178
3176
3174
3174
3173
3172
3168
3167
3162
3160
3160
3160
3160
3160
3159
3157
3153
3153
3152
3151
3151
3151
3150
3149
3149
3149
3148
3146
3145
3145
3145
3145
3143
3142
3141
3140
3140
3136
3136
3136
3135
3134
3134
3133
3133
3133
3133
3132
3129
3128
3127
3126
3122
3119
3115
3114
3112
3111
3110
3110
3109
3109
3108
3107
3107
3105
3102
3102
3100
3098
3096
3096
3096
3096
3094
3094
3093
3093
3092
3090
3087
3086
3086
3084
3083
3082
3081
3080
3073
3073
3072
3071
3070
3069
3069
3067
3066
3065
3065
3065
3064
3064
3062
3061
3059
3058
3057
3056
3055
3054
3050
3050
3050
3049
3048
3048
3048
3047
3047
3045
3045
3045
3044
3044
3041
3035
3031
3030
3029
3027
3026
3026
3024
3023
3023
3023
3021
3020
3020
3020
3020
3019
3016
3015
3012
3011
3011
3010
3010
3010
3009
3009
3008
3007
3006
3004
3004
3004
3001
2999
2998
2997
2997
2993
2991
2990
2989
2989
2986
2986
2985
2985
2983
2979
2979
2976
2974
2974
2974
2973
2973
2973
2971
2970
2970
2968
2967
2965
2964
2962
2962
2962
2961
2961
2961
2960
2960
2957
2957
2956
2954
2953
2953
2953
2952
2951
2951
2951
2950
2950
2950
2949
2948
2946
2943
2943
2942
2941
2934
2933
2930
2929
2928
2927
2925
2925
2924
2923
2923
2922
2922
2920
2919
2917
2917
2916
2916
2916
2916
2915
2915
2913
2912
2911
2910
2909
2909
2909
2909
2908
2908
2907
2907
2907
2907
2901
2900
2900
2900
2900
2900
2898
2898
2894
2893
2893
2893
2891
2891
2891
2889
2888
2887
2887
2886
2884
2884
2883
2880
2879
2879
2878
2877
2876
2876
2874
2874
2873
2872
2872
2872
2872
2871
2870
2870
2869
2868
2868
2867
2867
2863
2862
2862
2860
2860
2859
2858
2854
2854
2854
2850
2850
2850
2850
2848
2847
2847
2847
2845
2843
2842
2842
2842
2842
2841
2839
2839
2838
2838
2834
2834
2832
2832
2830
2830
2830
2827
2826
2825
2823
2823
2821
2821
2820
2819
2818
2816
2816
2816
2814
2813
2813
2810
2809
2808
2808
2806
2806
2805
2805
2805
2804
2803
2803
2802
2801
2800
2800
2798
2795
2793
2793
2791
2791
2791
2788
2787
2786
2784
2784
2784
2783
2783
2781
2781
2780
2780
2779
2778
2778
2777
2777
2776
2775
2773
2773
2772
2772
2771
2771
2770
2768
2767
2767
2766
2766
2765
2765
2764
2763
2763
2763
2762
2761
2760
2760
2759
2759
2759
2759
2757
2757
2756
2756
2755
2754
2753
2753
2753
2751
2750
2750
2749
2746
2744
2743
2743
2743
2742
2742
2740
2740
2740
2739
2739
2739
2739
2739
2739
2739
2738
2736
2736
2736
2736
2735
2735
2733
2730
2727
2726
2725
2725
2724
2723
2723
2721
2720
2720
2717
2715
2712
2711
2711
2710
2709
2709
2709
2708
2708
2706
2705
2705
2705
2704
2704
2703
2703
2698
2698
2697
2697
2696
2693
2692
2691
2691
2689
2689
2689
2688
2687
2686
2685
2685
2684
2684
2684
2684
2682
2681
2680
2680
2679
2678
2677
2676
2675
2675
2675
2673
2672
2672
2671
2671
2668
2667
2667
2666
2665
2664
2663
2663
2662
2661
2661
2660
2660
2658
2657
2657
2656
2656
2656
2655
2652
2652
2651
2651
2649
2649
2649
2648
2647
2646
2644
2643
2643
2642
2642
2641
2640
2640
2640
2638
2638
2636
2636
2636
2636
2636
2635
2635
2634
2634
2632
2631
2629
2629
2629
2626
2625
2624
2623
2623
2623
2622
2621
2621
2620
2619
2616
2615
2614
2613
2612
2612
2611
2610
2609
2607
2605
2600
2600
2598
2597
2597
2595
2593
2593
2592
2592
2591
2591
2590
2590
2589
2586
2585
2584
2584
2583
2582
2581
2581
2580
2579
2577
2575
2574
2574
2573
2572
2572
2572
2571
2571
2570
2569
2566
2566
2566
2565
2564
2564
2564
2562
2561
2561
2560
2560
2557
2556
2555
2555
2555
2554
2554
2552
2552
2551
2548
2548
2547
2547
2547
2547
2546
2545
2545
2545
2545
2545
2544
2544
2544
2542
2539
2538
2537
2537
2535
2533
2533
2532
2531
2531
2530
2529
2529
2527
2527
2527
2527
2525
2523
2521
2520
2519
2519
2519
2519
2518
2518
2517
2516
2516
2515
2514
2514
2514
2513
2513
2509
2509
2509
2507
2507
2507
2506
2506
2505
2504
2504
2504
2503
2503
2501
2499
2497
2495
2495
2494
2493
2491
2491
2489
2489
2488
2488
2487
2485
2485
2485
2484
2483
2482
2482
2480
2480
2480
2480
2479
2478
2477
2477
2477
2475
2472
2471
2469
2468
2467
2466
2465
2464
2462
2462
2461
2460
2460
2459
2457
2457
2455
2455
2454
2453
2453
2452
2452
2451
2451
2451
2450
2448
2448
2448
2447
2447
2446
2444
2443
2442
2441
2441
2441
2439
2439
2439
2438
2437
2436
2435
2434
2434
2433
2432
2432
2432
2431
2430
2429
2425
2425
2424
2423
2423
2421
2420
2419
2419
2418
2417
2417
2417
2415
2413
2409
2406
2405
2405
2404
2402
2402
2401
2400
2399
2398
2398
2397
2396
2394
2394
2393
2393
2388
2385
2384
2384
2384
2384
2383
2383
2383
2380
2378
2377
2375
2375
2372
2371
2370
2369
2368
2365
2364
2364
2363
2362
2361
2361
2360
2359
2359
2359
2359
2358
2357
2357
2356
2355
2355
2354
2354
2354
2354
2353
2350
2349
2348
2347
2347
2344
2343
2343
2341
2341
2339
2339
2336
2335
2333
2332
2332
2331
2331
2330
2330
2329
2328
2326
2325
2324
2321
2319
2319
2319
2317
2317
2317
2317
2317
2315
2315
2315
2313
2313
2311
2307
2307
2306
2306
2305
2305
2305
2305
2304
2303
2303
2302
2302
2302
2302
2300
2300
2299
2299
2298
2296
2296
2295
2294
2294
2293
2293
2293
2292
2292
2292
2291
2290
2290
2289
2289
2289
2288
2287
2286
2283
2283
2283
2283
2281
2281
2281
2281
2280
2278
2277
2275
2275
2275
2274
2273
2272
2272
2271
2270
2269
2268
2267
2265
2264
2264
2264
2263
2261
2261
2260
2258
2257
2257
2255
2255
2254
2253
2253
2252
2252
2252
2252
2250
2249
2247
2246
2243
2243
2242
2242
2242
2241
2240
2239
2238
2238
2238
2238
2236
2236
2235
2235
2235
2234
2234
2234
2233
2233
2231
2229
2229
2228
2228
2228
2226
2224
2222
2222
2221
2219
2216
2214
2214
2214
2213
2211
2211
2210
2206
2206
2206
2205
2204
2204
2204
2204
2203
2203
2203
2202
2199
2199
2199
2199
2199
2198
2197
2197
2195
2193
2192
2190
2188
2188
2187
2186
2185
2185
2182
2181
2180
2177
2176
2175
2175
2175
2174
2173
2173
2172
2172
2170
2169
2168
2167
2166
2166
2166
2165
2165
2164
2164
2163
2162
2162
2159
2158
2158
2158
2156
2155
2154
2154
2153
2152
2151
2149
2149
2148
2148
2147
2147
2147
2146
2146
2146
2146
2145
2145
2145
2144
2144
2144
2143
2140
2140
2140
2139
2138
2137
2137
2135
2133
2133
2132
2132
2130
2130
2130
2130
2129
2129
2129
2128
2128
2127
2123
2123
2122
2122
2122
2119
2117
2114
2114
2113
2111
2109
2109
2108
2108
2106
2105
2105
2104
2103
2101
2101
2101
2099
2099
2098
2097
2097
2096
2096
2095
2092
2092
2092
2091
2088
2088
2088
2087
2087
2086
2086
2086
2086
2084
2084
2082
2081
2080
2080
2079
2078
2078
2077
2077
2077
2077
2075
2075
2074
2073
2072
2071
2071
2071
2070
2069
2069
2069
2069
2065
2063
2062
2062
2061
2060
2059
2057
2056
2056
2055
2054
2052
2052
2051
2051
2050
2049
2049
2049
2049
2048
2048
2046
2045
2045
2045
2044
2044
2043
2042
2042
2039
2039
2038
2037
2037
2036
2035
2035
2034
2033
2033
2033
2032
2032
2032
2029
2029
2029
2027
2027
2027
2027
2027
2027
2025
2024
2024
2022
2021
2021
2021
2020
2019
2019
2018
2018
2017
2016
2015
2014
2014
2013
2013
2011
2011
2010
2010
2008
2007
2007
2006
2006
2005
2005
2003
2003
2001
2000
1999
1999
1998
1997
1996
1995
1994
1994
1993
1992
1992
1992
1992
1991
1991
1991
1990
1990
1986
1985
1983
1983
1981
1979
1975
1974
1974
1974
1973
1970
1968
1967
1965
1964
1963
1960
1959
1958
1957
1957
1956
1955
1955
1954
1953
1952
1952
1952
1950
1949
1949
1949
1947
1947
1946
1946
1945
1945
1945
1942
1941
1940
1940
1939
1938
1938
1936
1934
1931
1931
1930
1928
1928
1927
1926
1926
1924
1922
1922
1922
1920
1920
1919
1919
1918
1918
1917
1917
1915
1913
1913
1913
1908
1908
1908
1906
1906
1906
1904
1904
1901
1900
1897
1897
1895
1894
1894
1893
1892
1891
1891
1891
1890
1890
1890
1888
1888
1888
1887
1887
1885
1885
1885
1885
1884
1883
1882
1881
1879
1879
1878
1877
1875
1875
1873
1872
1872
1872
1872
1871
1871
1871
1871
1871
1870
1869
1868
1865
1865
1864
1864
1863
1862
1861
1860
1860
1858
1858
1857
1856
1856
1855
1852
1850
1849
1848
1847
1847
1847
1846
1845
1844
1843
1842
1842
1842
1842
1841
1840
1840
1839
1838
1836
1836
1835
1834
1832
1829
1829
1828
1825
1824
1823
1823
1822
1820
1819
1819
1816
1815
1815
1814
1814
1813
1813
1812
1812
1811
1810
1810
1810
1809
1809
1809
1808
1808
1808
1808
1807
1807
1807
1806
1805
1805
1804
1803
1803
1801
1801
1798
1798
1798
1796
1795
1795
1793
1793
1792
1792
1792
1792
1790
1789
1788
1787
1786
1784
1783
1781
1779
1778
1778
1778
1778
1776
1775
1775
1774
1774
1772
1772
1771
1769
1769
1767
1767
1765
1765
1765
1764
1763
1762
1761
1761
1760
1759
1758
1758
1758
1756
1756
1754
1752
1751
1751
1750
1748
1745
1745
1744
1743
1743
1742
1741
1740
1740
1736
1736
1735
1735
1735
1735
1734
1734
1734
1733
1733
1731
1727
1727
1725
1725
1721
1720
1720
1719
1718
1718
1718
1717
1714
1714
1711
1710
1710
1709
1707
1707
1706
1705
1705
1705
1705
1703
1701
1701
1701
1701
1699
1699
1698
1697
1696
1696
1695
1695
1695
1695
1694
1693
1693
1692
1692
1692
1691
1690
1689
1689
1688
1687
1687
1687
1687
1686
1685
1684
1684
1682
1682
1681
1680
1680
1680
1679
1678
1677
1676
1674
1674
1674
1673
1672
1671
1670
1669
1668
1668
1667
1667
1666
1664
1663
1662
1662
1660
1660
1660
1660
1658
1658
1657
1657
1656
1656
1655
1655
1655
1655
1654
1654
1654
1653
1653
1653
1651
1651
1651
1650
1650
1649
1647
1647
1644
1644
1642
1642
1641
1640
1639
1638
1637
1637
1635
1635
1635
1634
1634
1631
1629
1628
1628
1626
1626
1626
1625
1625
1624
1622
1621
1620
1618
1618
1616
1614
1613
1613
1613
1612
1611
1610
1608
1608
1608
1605
1605
1605
1605
1603
1602
1602
1601
1599
1599
1598
1597
1596
1596
1595
1594
1592
1591
1590
1585
1584
1583
1580
1579
1579
1578
1578
1577
1577
1576
1574
1573
1573
1573
1571
1570
1570
1569
1568
1567
1567
1566
1566
1565
1565
1565
1564
1563
1563
1562
1561
1561
1560
1559
1559
1555
1554
1553
1552
1552
1549
1549
1548
1547
1546
1545
1544
1542
1540
1539
1538
1538
1537
1536
1535
1532
1532
1532
1531
1529
1528
1525
1525
1523
1523
1522
1522
1521
1521
1520
1519
1519
1518
1518
1518
1517
1517
1516
1516
1515
1515
1514
1514
1513
1512
1512
1512
1511
1509
1507
1506
1506
1505
1504
1501
1500
1500
1499
1499
1497
1496
1496
1495
1494
1494
1493
1492
1491
1490
1490
1487
1487
1486
1486
1486
1485
1485
1484
1483
1480
1480
1478
1478
1476
1476
1475
1475
1474
1474
1474
1473
1471
1469
1468
1468
1466
1465
1462
1462
1462
1462
1461
1461
1459
1459
1458
1457
1457
1456
1455
1453
1452
1450
1449
1447
1447
1447
1447
1447
1445
1444
1444
1442
1441
1440
1439
1439
1438
1437
1437
1437
1436
1435
1433
1431
1430
1429
1426
1426
1424
1423
1422
1421
1419
1419
1419
1419
1418
1417
1417
1416
1416
1411
1410
1410
1409
1408
1407
1407
1405
1404
1403
1403
1403
1402
1401
1401
1401
1401
1400
1398
1395
1395
1394
1393
1392
1391
1390
1389
1389
1388
1388
1384
1383
1383
1383
1381
1377
1376
1376
1372
1372
1372
1370
1370
1370
1369
1368
1367
1367
1366
1365
1365
1363
1362
1361
1361
1361
1361
1360
1360
1359
1358
1358
1357
1355
1354
1353
1352
1352
1352
1351
1351
1348
1347
1347
1346
1342
1342
1340
1339
1339
1338
1338
1336
1336
1336
1335
1334
1332
1332
1331
1331
1330
1330
1328
1326
1324
1324
1324
1322
1321
1320
1320
1319
1315
1315
1315
1315
1315
1313
1312
1310
1309
1309
1309
1309
1308
1308
1308
1307
1306
1305
1304
1303
1302
1302
1301
1301
1301
1301
1300
1299
1299
1299
1299
1298
1298
1296
1295
1294
1294
1294
1290
1290
1289
1288
1288
1287
1287
1283
1283
1282
1281
1280
1278
1277
1277
1276
1275
1275
1274
1274
1273
1273
1272
1272
1271
1271
1270
1269
1268
1267
1266
1265
1264
1264
1264
1264
1263
1260
1260
1260
1260
1260
1259
1259
1258
1258
1258
1257
1257
1257
1256
1255
1254
1254
1253
1252
1252
1251
1251
1251
1249
1248
1247
1247
1247
1246
1245
1243
1243
1243
1242
1241
1240
1240
1240
1240
1240
1238
1238
1237
1236
1234
1232
1232
1231
1231
1231
1230
1228
1228
1228
1228
1228
1227
1227
1222
1222
1221
1221
1220
1220
1219
1219
1218
1217
1216
1216
1216
1216
1216
1214
1213
1212
1212
1212
1211
1211
1208
1207
1207
1206
1205
1204
1204
1204
1202
1202
1201
1199
1197
1197
1194
1191
1190
1190
1189
1189
1188
1188
1188
1187
1186
1186
1185
1183
1182
1182
1180
1180
1179
1179
1179
1179
1177
1174
1170
1170
1170
1170
1169
1168
1167
1166
1166
1164
1164
1163
1163
1162
1162
1159
1158
1158
1158
1157
1156
1156
1155
1155
1153
1152
1151
1150
1150
1150
1149
1149
1149
1147
1147
1146
1144
1143
1143
1141
1141
1140
1140
1140
1138
1138
1137
1136
1136
1135
1134
1133
1131
1130
1128
1128
1126
1125
1124
1123
1123
1122
1121
1121
1118
1118
1117
1117
1116
1115
1115
1114
1114
1114
1113
1113
1113
1112
1111
1110
1110
1110
1108
1107
1107
1105
1103
1103
1103
1102
1100
1098
1097
1095
1094
1092
1092
1090
1090
1088
1088
1087
1085
1084
1083
1083
1083
1082
1082
1081
1081
1081
1081
1080
1079
1078
1078
1077
1077
1077
1075
1074
1074
1073
1073
1073
1072
1071
1071
1071
1069
1068
1068
1064
1064
1063
1063
1059
1058
1057
1055
1055
1054
1054
1054
1053
1053
1052
1051
1050
1050
1050
1050
1049
1049
1048
1048
1047
1047
1045
1045
1044
1044
1043
1042
1042
1042
1041
1041
1041
1038
1038
1037
1033
1031
1030
1029
1028
1028
1028
1027
1027
1026
1026
1025
1024
1024
1022
1020
1019
1019
1019
1017
1017
1017
1016
1016
1016
1015
1013
1012
1010
1009
1009
1008
1007
1007
1006
1006
1006
1006
1005
1003
1003
1003
1000
999
999
998
998
998
997
997
995
995
994
994
994
993
992
992
992
989
988
987
987
983
983
980
979
977
976
975
974
973
973
971
971
971
970
970
969
969
967
967
965
965
964
963
962
960
960
959
958
958
957
955
955
953
953
952
952
952
952
951
950
949
947
947
947
946
945
945
944
943
941
941
940
940
939
939
938
937
936
935
935
934
933
933
933
931
931
929
929
927
927
927
926
926
925
912
912
912
912
911
911
910
910
909
907
907
907
904
904
903
902
902
902
901
900
900
898
898
896
895
895
894
892
892
892
892
891
891
889
886
886
884
883
882
881
881
880
879
879
879
878
877
876
876
875
875
874
874
872
872
871
869
867
867
864
862
860
860
860
858
855
855
853
853
853
852
851
851
851
850
849
849
848
848
847
846
846
845
845
844
844
844
844
843
843
843
843
842
840
839
839
838
836
835
835
834
834
834
833
832
832
830
829
827
827
826
823
822
822
820
819
819
818
818
817
816
816
816
815
815
814
814
813
813
812
812
809
808
808
807
806
806
805
805
805
803
803
803
802
802
801
801
800
800
799
798
797
796
796
796
795
795
794
794
790
788
786
784
783
783
782
781
780
778
778
778
778
778
777
777
776
776
774
774
773
768
767
767
766
766
765
765
762
762
761
761
759
759
758
756
756
756
753
753
752
752
751
751
750
749
749
748
746
746
746
746
745
745
744
743
742
741
741
740
740
740
739
739
737
737
737
735
734
734
733
732
732
731
728
728
728
727
725
723
723
723
722
722
721
720
719
719
719
719
718
718
718
717
716
715
715
714
714
713
713
713
711
711
711
710
709
708
708
708
708
707
707
707
707
704
703
703
702
701
700
699
698
698
697
697
697
697
697
696
694
694
694
694
693
693
693
692
692
691
690
688
688
686
686
685
683
683
681
679
679
679
679
678
675
675
674
674
672
672
671
671
669
669
668
665
664
663
661
661
661
657
657
657
655
655
654
653
653
651
650
649
647
646
645
645
645
644
643
643
642
642
641
640
637
636
636
635
635
634
633
631
629
629
628
627
627
627
626
626
626
624
623
623
623
622
622
621
620
617
614
613
612
612
611
609
608
608
607
607
606
605
603
603
602
602
602
601
601
600
600
599
598
598
598
597
596
596
595
594
592
592
592
591
589
588
588
587
587
586
585
584
584
582
581
581
581
581
579
579
577
576
575
574
574
574
573
572
569
568
567
567
564
563
563
562
561
561
556
556
553
553
552
551
550
549
548
546
546
545
545
545
543
543
543
543
542
539
537
537
536
535
535
534
534
534
534
533
532
531
530
529
528
527
527
527
527
526
524
523
523
522
522
521
521
520
519
519
519
519
518
518
517
516
515
513
513
511
510
510
509
509
509
505
505
504
502
501
500
500
500
498
497
496
496
496
496
495
494
494
493
493
493
491
490
488
488
488
488
487
486
485
483
483
482
482
481
481
481
480
479
479
478
478
478
478
477
474
474
473
473
473
472
472
468
466
466
465
465
464
464
463
462
461
460
459
459
458
458
458
456
455
453
453
452
452
451
450
448
448
448
447
447
447
446
445
445
445
444
444
443
442
441
441
440
439
438
437
436
436
435
434
434
433
433
433
433
432
431
431
431
430
430
430
429
427
427
425
424
424
424
422
420
420
419
419
416
414
414
412
411
411
409
409
406
406
406
405
404
403
403
402
402
402
402
401
401
401
400
399
397
397
396
396
395
394
394
393
392
392
392
392
392
391
390
390
389
388
387
385
385
384
384
384
383
382
382
382
382
381
381
381
380
380
380
379
379
378
378
377
377
377
376
374
373
372
371
371
370
369
368
367
366
364
363
362
362
362
358
356
356
356
355
355
355
355
354
353
352
352
350
349
349
348
348
346
344
343
342
341
341
340
339
339
338
338
336
336
335
333
332
332
332
331
329
328
327
327
327
325
325
324
324
324
324
324
323
321
321
321
317
315
315
313
313
312
312
311
310
310
309
309
308
307
307
306
305
305
303
303
303
302
302
302
301
301
301
299
299
299
299
298
296
296
296
296
296
295
294
294
294
293
291
290
288
288
286
286
285
284
283
282
281
276
276
276
274
273
273
272
272
269
268
266
266
265
264
264
263
262
262
262
262
261
260
260
260
260
260
259
259
257
257
256
256
255
254
251
251
249
248
247
245
244
242
242
240
238
237
237
237
236
235
235
234
234
232
232
232
232
231
230
230
230
229
229
227
227
226
226
224
224
221
221
221
220
219
219
219
218
217
217
214
214
213
212
211
211
211
210
207
207
206
206
205
204
204
203
202
202
202
201
199
199
199
199
199
198
197
195
195
194
193
193
192
192
191
191
190
190
189
187
186
184
178
176
176
174
173
173
173
171
170
170
169
169
168
166
165
165
164
163
162
161
161
159
159
158
158
156
156
153
153
152
151
149
149
148
148
148
148
147
147
146
146
146
146
141
140
140
139
139
137
136
135
135
135
135
134
133
133
132
131
131
130
129
127
126
125
124
123
122
122
122
122
121
119
118
117
114
114
114
113
112
111
110
107
107
106
105
105
104
104
104
104
103
103
100
99
99
98
97
96
96
96
95
95
94
93
92
89
88
87
87
84
82
82
82
80
79
79
79
75
73
73
73
72
72
71
69
68
68
63
63
62
62
61
61
60
59
58
57
57
57
56
55
55
55
55
55
52
50
48
46
46
45
45
45
44
43
43
41
41
40
40
40
40
40
39
39
38
38
37
36
33
32
30
29
27
26
26
25
24
23
22
21
19
18
18
17
15
15
13
13
12
10
10
9
8
8
8
8
7
6
6
6
2
1