999
998
998
997
997
996
996
995
994
994
989
988
988
986
985
983
981
979
975
975
974
974
973
973
972
971
970
970
969
969
966
962
962
961
960
960
960
960
956
956
956
956
952
949
948
948
948
948
946
946
945
945
945
944
942
942
942
940
940
938
938
938
938
936
935
935
935
934
933
932
931
926
926
924
923
923
923
921
921
920
916
916
915
915
914
914
913
913
912
910
909
907
905
904
904
904
904
903
902
902
901
900
899
899
897
897
896
895
895
892
888
888
888
887
886
885
883
882
881
880
880
880
877
875
873
872
872
872
871
870
869
867
866
865
864
864
863
861
858
858
857
855
854
854
853
853
852
851
851
850
849
849
849
848
848
846
842
841
841
841
840
840
836
833
833
833
829
829
828
827
827
825
825
824
824
823
823
822
822
820
820
816
815
813
813
812
811
811
811
811
808
808
806
805
804
803
801
800
798
798
798
797
796
795
793
793
791
791
789
789
788
786
786
785
785
785
784
784
783
783
782
781
781
780
778
778
777
776
776
775
774
773
773
772
772
772
771
769
769
768
768
768
767
767
767
767
766
766
766
765
765
763
763
759
758
756
755
754
752
751
751
750
747
746
745
743
741
741
740
740
740
738
737
736
735
734
733
731
731
729
728
727
727
724
724
722
722
719
719
718
718
714
710
710
708
707
705
702
702
701
701
700
700
699
699
698
697
697
696
696
695
694
694
693
690
690
689
689
686
685
685
684
682
680
680
678
678
677
674
673
672
672
672
671
668
665
665
664
662
661
661
660
660
659
659
656
655
655
654
654
651
649
647
647
646
644
644
644
642
640
640
640
639
637
637
637
634
632
632
632
631
630
630
629
628
627
627
626
624
623
622
620
620
618
618
617
617
616
615
614
613
613
612
612
612
610
607
605
604
603
600
600
599
599
598
598
598
597
596
595
593
591
591
591
590
589
589
588
587
584
584
584
582
581
581
580
579
578
578
576
576
575
574
573
573
572
572
570
569
569
565
562
560
559
559
558
557
556
556
554
551
550
549
546
542
541
541
541
541
540
538
538
537
537
536
535
531
530
530
528
527
527
526
526
525
521
520
520
519
518
517
517
516
516
515
515
515
514
514
514
512
512
510
508
506
506
503
501
496
496
494
491
490
490
489
488
487
486
484
482
481
479
479
478
477
476
474
473
471
470
470
468
468
467
466
465
465
463
462
462
460
459
459
457
457
456
456
451
451
450
450
449
448
448
448
447
446
446
446
441
439
439
438
438
436
435
434
433
433
428
428
427
426
426
426
425
422
422
422
421
420
419
419
417
415
413
413
411
409
408
407
406
406
405
405
404
403
402
400
400
399
397
397
395
394
392
392
390
390
389
388
387
387
384
383
382
381
381
381
380
378
378
377
377
377
376
376
375
375
375
373
371
371
370
369
369
366
365
363
362
361
360
359
359
356
355
354
352
352
351
348
347
347
347
346
346
345
345
344
344
342
338
338
337
333
333
332
331
329
328
324
324
324
322
321
321
320
320
319
319
318
317
317
316
315
315
315
314
314
313
313
313
312
311
309
307
306
306
305
303
303
303
302
302
302
299
296
294
293
292
292
291
290
288
287
285
284
284
284
283
283
282
281
279
279
279
278
278
278
277
277
276
275
274
271
271
271
270
270
270
270
269
269
269
266
266
266
262
261
261
260
258
257
257
256
256
255
253
251
251
250
250
248
248
248
247
246
245
244
244
244
243
242
241
241
240
240
237
237
236
236
235
233
232
231
231
228
228
225
224
222
222
221
221
219
217
217
216
216
213
212
211
211
210
209
208
208
207
206
205
204
202
201
201
199
198
197
195
195
194
194
192
192
191
190
189
189
187
187
186
185
184
182
182
182
181
181
181
180
180
178
178
177
177
177
175
174
173
172
171
170
169
169
168
167
166
165
164
163
160
158
158
157
156
156
155
154
153
153
150
149
149
149
148
147
147
146
144
141
141
141
139
137
137
135
135
134
133
132
131
129
128
126
126
126
125
125
124
123
121
121
120
118
117
114
112
111
109
105
105
104
100
98
97
97
96
95
95
93
92
92
91
89
89
88
87
87
82
81
81
81
81
75
75
75
72
71
71
70
70
69
69
68
68
67
67
64
63
62
61
61
61
61
61
60
60
56
53
53
53
52
51
51
49
49
48
46
46
45
45
44
42
41
41
40
40
39
39
37
37
35
35
35
34
34
33
29
28
27
27
27
26
24
21
21
20
19
18
17
14
13
10
9
8
7
6
6
4
2
2