37
718
576
959
348
102
693
376
222
344
657
951
173
179
592
260
461
452
226
395
614
275
532
971
776
914
157
413
894
788
59
745
133
251
710
150
511
309
454
634
11
695
337
353
80
626
512
784
834
661
266
756
515
971
945
606
118
311
428
322
368
517
124
17
247
371
235
196
968
816
369
257
276
963
1
451
579
343
188
261
820
542
309
311
178
507
453
36
283
989
687
163
662
689
598
925
555
670
405
590
48
991
760
176
120
493
346
884
942
83
94
91
643
918
217
36
404
444
408
22
40
140
854
368
833
23
673
622
792
669
390
487
22
515
545
590
440
555
746
950
546
373
605
177
552
701
768
258
633
813
298
665
413
116
298
256
576
855
373
228
719
511
341
158
803
843
246
666
156
583
330
759
407
285
392
160
819
340
953
427
480
30
907
736
217
198
833
804
996
529
787
903
584
572
89
226
174
47
446
309
443
473
371
312
485
972
497
184
203
369
979
341
434
751
620
274
989
593
29
804
373
238
601
6
962
157
452
436
328
439
561
463
269
743
427
497
74
128
487
361
793
327
272
689
158
481
651
54
360
205
132
168
90
413
568
171
917
729
229
652
401
412
607
736
860
915
204
18
953
996
66
307
164
371
471
279
189
267
817
125
451
867
608
463
476
870
345
764
306
680
364
90
96
670
432
543
229
901
925
770
464
125
2
910
149
127
896
503
238
701
999
967
870
570
368
611
194
666
578
890
473
98
857
622
598
459
484
502
651
771
957
698
127
381
431
489
675
914
619
408
890
688
443
868
88
2
307
114
389
704
821
388
321
232
316
703
426
341
275
267
955
63
958
635
408
939
785
637
855
677
624
628
137
443
927
548
762
547
771
365
772
896
920
372
779
793
637
910
509
419
149
695
696
472
727
299
336
752
96
218
897
823
415
449
378
958
130
766
107
446
319
644
768
771
861
152
30
886
396
939
486
109
50
146
216
159
816
994
657
82
228
296
496
688
176
976
654
74
259
251
364
475
959
351
905
864
155
546
283
309
385
606
798
372
522
484
419
139
225
450
987
275
414
438
605
304
540
736
876
406
428
467
796
264
683
933
886
791
682
408
770
793
845
615
364
15
406
308
931
196
170
673
350
219
412
718
735
96
353
75
668
114
740
150
460
143
699
799
288
176
386
258
514
759
998
253
441
319
676
419
701
738
547
864
409
576
120
174
655
1
1
2
4
4
8
9
10
14
14
23
24
24
25
26
27
28
43
51
55
59
60
64
70
72
87
87
91
100
102
102
106
108
119
127
129
129
131
131
131
137
138
139
139
141
148
149
150
157
158
162
164
164
172
173
174
186
189
190
193
195
195
206
216
225
225
229
237
240
241
248
252
255
264
264
271
277
277
282
286
288
291
291
292
293
294
295
307
311
321
323
323
325
328
331
334
335
335
336
337
339
347
348
349
350
351
355
358
359
367
372
376
381
383
383
385
392
393
395
401
405
406
408
415
416
417
418
419
421
422
426
434
435
435
438
439
445
447
453
456
456
459
467
468
471
471
472
473
493
496
505
506
509
511
511
517
517
518
519
521
530
537
539
540
542
543
545
550
552
555
559
561
566
566
567
572
574
576
576
577
582
588
589
591
591
592
594
597
601
605
606
613
616
620
627
628
630
630
630
635
637
638
640
653
656
659
671
685
685
689
689
696
696
698
704
706
710
710
712
712
714
715
718
733
734
739
742
743
749
750
754
765
768
769
771
772
776
777
792
801
804
806
807
808
810
811
814
834
834
836
837
839
840
846
846
860
860
863
868
870
874
875
883
884
885
886
891
897
898
899
905
905
906
907
912
914
923
924
924
925
947
948
949
950
950
951
954
957
957
958
961
967
967
971
975
991
991
991
992
997
631
619
991
688
781
17
942
429
853
365
627
468
7
986
206
861
373
608
693
279
503
468
831
534
677
909
831
934
608
16
364
399
746
831
71
257
504
597
68
898
108
5
333
646
592
923
203
502
144
291
878
812
727
978
247
270
797
34
148
161
175
465
300
39
767
715
260
260
110
367
569
414
23
872
38
947
766
821
888
680
345
403
312
455
750
26
169
448
333
677
532
939
527
614
416
836
71
337
253
32
855
287
755
928
863
294
254
868
2
847
717
450
393
193
443
823
524
180
389
492
973
968
94
125
216
855
728
702
345
592
19
630
156
533
595
569
506
896
460
393
235
849
729
117
711
507
223
484
697
224
747
699
486
98
451
366
794
796
835
188
285
512
494
206
124
194
640
105
842
436
874