9185
5716
2858
6730
5247
2049
2713
8887
7504
2971
8019
5917
2845
7975
1740
4214
2010
4229
9498
8667
8220
7565
3102
2170
6360
2393
1431
2154
3869
9135
1843
9371
4853
2755
3368
1185
3480
3898
3938
3507
9266
4817
3998
4078
4310
4079
7494
1888
5539
8840
9373
1554
4342
4052
7822
7925
8176
9871
3136
1424
6697
1554
2989
1704
1284
9090
1235
5058
2837
408
5386
821
1169
1569
5431
7492
709
2695
2704
7450
1098
4735
5585
5478
9975
5204
4927
2906
3783
2628
1355
5166
1741
1497
3497
3530
7109
1483
1602
36
9213
6549
967
1751
4804
4949
1511
8469
2225
2535
9426
1229
3127
628
6798
2640
6712
3367
2810
6737
1432
720
9650
5356
8499
8669
5218
265
7041
2294
3886
8832
8200
7575
6946
5694
9539
5043
8469
5881
7667
1527
6531
3729
3843
6989
412
6264
5840
99
1143
1987
4376
1499
315
4993
3394
9220
2351
7499
3567
3945
9007
2413
6783
6888
242
8389
5287
4773
7435
2393
8305
6816
3549
4557
8773
5428
2562
5061
2807
4482
3021
5864
9185
3454
7151
870
9778
1287
6983
7163
5255
1693
1085
2772
1641
2638
4593
5745
8039
9890
4879
3388
2341
4760
2358
9034
6757
384
6425
9839
8294
970
3894
215
8506
9599
8229
2498
700
9455
3555
4127
1217
3626
1280
8460
1918
9427
4389
5549
1563
1746
4938
811
2135
8169
2727
8815
9948
9129
8378
8592
1604
1541
4328
1528
2763
4087
4823
1486
599
4754
1627
5136
1110
6201
3951
3518
2615
3838
6375
5759
2940
8988
6020
398
2509
9065
4008
5733
5505
8999
762
1405
4505
1850
4476
9237
8461
1135
2475
4929
9147
7434
5879
7109
669
5936
7732
242
3963
3367
2415
8975
8096
4170
805
604
2449
5922
3441
1795
2204
5697
5732
3857
2925
2305
7914
9108
9879
7789
9930
8180
7409
9726
6111
8838
3406
2184
9989
3023
3122
262
6725
2438
2434
1603
2405
9214
7867
9194
3385
2578
6597
7761
8639
2546
2489
4226
5034
9853
4609
6698
2972
3151
6144
7541
1706
9293
1682
9898
6827
3438
1412
5986
4177
796
5735
9503
971
6731
1601
5787
8554
4906
5781
1023
3570
7864
2980
917
4115
2057
3556
575
6121
7241
272
6009
5473
9311
96
4092
3086
5158
2618
2917
9226
6104
2793
614
2624
220
3421
9052
8778
1938
2931
2449
8886
1228
3879
4898
1327
3711
3703
3267
7097
4410
7178
2241
9804
4375
4864
8152
5109
4576
9147
951
8681
2291
4479
6049
7756
7768
2790
7093
1778
4243
1768
9072
8915
6774
1593
5137
5188
217
7042
3149
7891
6876
2868
9797
9443
5675
9979
2757
746
4643
5872
894
2775
3461
9441
9750
7191
5720
6101
8926
4857
9796
6554
756
9489
3501
6690
9818
3803
1612
1646
4199
4769
5108
1353
8685
9790
7971
9976
6955
1043
9336
128
8307
8553
5588
2408
8494
1561
1444
1137
8319
5977
1214
4868
197
5176
7593
2202
6341
5931
2578
6130
8760
4425
3373
8030
897
5828
8968
2703
2625
4089
8118
2339
2430
954
2059
1419
4657
4697
6099
914
2720
2680
8520
7595
8460
2047
7332
5322
1323
5454
7971
2422
3704
7827
9725
2461
2105
3198
1010
4856
1713
1172
7014
6465
1720
33
6432
9523
680
4704
9102
9840
8793
400
3611
6169
6671
2143
3715
169
5058
5834
1750
8530
2575
217
4940
6669
2733
4357
1080
5372
4530
619
7536
2323
6615
965
1372
1382
1833
2887
892
2020
5186
6919
4095
5333
6024
1776
4305
7791
2595
1193
820
4703
5141
4498
1891
9607
4117
2414
3571
2034
1452
6728
523
6656
1236
8511
6950
3902
4526
355
5702
8485
6995
5141
1147
375
6077
3226
2148
8933
2663
5233
1189
36
610
8917
634
1617
5113
68
282
7635
5687
6993
9536
4208
1688
8087
6182
8371
6925
5887
3251
9964
5764
3092
8887
2664
6456
277
6852
8498
3204
9547
1808
9706
5486
6619
6088
1045
2722
3438
7654
9350
8811
1487
1926
2812
522
7461
8422
5547
1104
8066
2588
8575
2254
6682
8845
1342
5151
8216
6282
8318
6916
846
6269
3896
3569
7788
5893
9323
4230
2691
3999
1059
6929
7946
6070
1067
2273
9520
5964
7808
3662
1443
5481
8904
6439
1409
1650
1636
220
8301
9326
2690
1870
5428
7270
6102
2563
4112
8715
5881
2302
1420
572
3794
47
3914
1367
3429
9623
2274
2976
5305
2335
3771
7489
6927
281
7887
3649
3775
9782
522
5895
4533
9194
3011
448
3132
4701
3246
7008
7081
9891
33
7733
828
2702
7366
1010
6819
8307
3313
1035
1503
7690
5378
7964
3850
6650
4621
4751
2377
3093
1912
6926
1999
8159
7364
3317
7875
3349
4352
4252
7907
8092
2362
6020
1512
7799
3319
3679
5083
2205
6422
6357
7641
4825
7024
1748
2275
3172
2466
3351
8761
3937
2702
1610
169
23
8447
3565
8226
1940
2556
4952
8573
5520
1823
3374
8510
3840
2757
1845
1768
7180
9432
2565
6575
2739
972
238
4498
1150
168
4175
1400
2
1862
5700
2745
8025
268
3520
8161
3971
27
9099
6225
1705
4183
9614
9495
3859
5400
9005
1807
5546
5297
691
6169
496
992
325
6973
6639
6053
4895
1005
736
2630
3204
5898
3549
7490
7381
4969
1305
9365
3247
9398
926
3099
1961
3754
4790
2472
9678
9834
1598
392
6409
368
4456
9586
5454
5854
6609
6338
2289
7136
2259
4215
6385
8257
8267
7130
2292
6481
5869
209
7737
6325
1142
115
2282
5583
867
9469
9409
7408
6080
7908
7260
8123
7652
7995
4564
4220
11
2359
6074
4361
9683
97
4067
9848
4763
6861
1734
1073
5193
937
2867
7701
2299
3591
2615
8127
1921
2318
1997
8554
6185
6158
3735
3
2106
6195
3149
2080
7781
572
7845
6097
2024
9724
7795
4854
7605
8400
4899
5970
2404
5891
1029
5614
788
2543
9640
2305
5079
1220
5035
5918
1087
4110
5424
1583
979
8434
2193
6369
1767
7016
3831
767
5595
4048
1209
9923
7810
6894
82
635
5157
920
102
9081
2217
1106
1910
9581
4143
7879
9906
4614
9179
7547
4863
7287
3031
4927
6474
3719
1337
8389
443
1179
7842
9988
5132
1400
5608
9838
8524
612
7782
3376
1759
9580
5874
3001
5385
7500
1904
2735
715
6682
9765
143
6461
9315
7087
4627
1789
2154
4003
3737
5959
6846
3510
8737
5253
1484
448
4311
7800
293
6366
9347
392
7218
8568
2605
3432
4148
5058
2196
894
8320
6902
3456
9266
7644
2033
758
4964
2163
4797
4461
8835
8895
176
223
9979
5912
8227
3586
1199
9079
5365
888
5256
7328
8017
3875
9596
928
7597
6941
9362
5426
3860
1399
9733
6633
2359
2512
3847
8393
9663
2617
6632
1766
1014
342
1511
738
4055
2215
8345
9681
4835
4328
5559
2176
6694
8662
3756
9781
1881
3620
6064
824
361
236
1727
114
3688
7817
1774
7957
2066
2612
2622
7676
2034
9262
7537
2788
5030
942
4573
5356
2128
7499
7071
2649
7983
1165
8737
3197
7566
3151
7503
4264
2571
4119
6519
768
3403
8873
4176
6589
844
5672
9180
2152
4843
5886
5072
7509
1927
4559
7091
8206
5733
1433
1045
4867
7253
3471
2003
2511
2676
2422
2904
2428
8644
9551
1718
7353
26
1079
6437
2491
662
9211
3323
1266
1112
7856
6621
46
1969
1281
2212
5346
1432
1434
2532
1879
1854
21
5657
4067
8068
9827
819
1692
3179
926
6179
8104
4908
6876
3270
3559
6025
230
2242
9939
8115
1546
8479
5238
9902
1678
4728
7197
7842
8774
369
892
5588
7607
9211
290
4660
2493
2519
2590
2760
2218
9559
8402
6697
4672
2107
9079
4491
849
538
8098
5955
7605
5199
2085
1381
1436
8534
3033
1948
8996
4423
8810
3165
6445
4051
1379
1741
3515
8604
9820
2114
8060
7226
3105
2408
1611
9707
8037
1766
5540
1914
8983
7568
7112
5124
6516
1278
3060
9399
4365
3564
6381
7276
3930
2355
799
4502
9150
1432
5798
5163
3309
9027
2668
6419
5916
4659
3572
8319
6345
1073
6662
251
1914
1490
957
4855
4154
3681
5245
6034
1553
2572
1177
840
2547
3533
2820
6767
7660
379
2678
6540
4378
6658
8145
4555
3852
6129
3477
1214
9609
9315
1697
6837
3988
6321
3226
2015
4783
4662
6273
1792
8270
4450
7904
5284
4045
7362
8085
1683
9812
1904
1763
6406
1274
5687
1717
8153
4472
2331
1908
5457
7599
9846
475
7599
8380
9029
2281
8021
651
3973
9542
4665
3195
7512
7050
1800
8576
5420
682
7501
3518
3854
6628
3922
7477
474
190
3910
3112
1607
2026
9135
7010
5233
7949
338
8811
1110
2447
2545
5399
582
805
52
3856
2900
606
2603
4917
6802
6427
9875
5539
2444
5123
9271
9555
7364
1029
3161
1188
670
7423
5825
1467
28
1422
5797
6776
7965
6791
6282
2362
5441
3702
2458
8325
7360
2069
934
1540
5980
2416
6333
3178
3956
1062
3662
4845
3611
6818
7419
6197
9064
3194
8431
9825
7999
1624
6593
2619
2288
2648
953
1805
3182
4225
2098
2451
467
903
1056
6611
482
9168
7348
4283
7501
9766
2095
9306
6760
6957
67
642
862
8709
2576
4028
3826
3329
2749
9996
2376
6089
4837
8150
421
6254
1061
930
9093
5308
2722
2460
444
4020
2496
2783
559
2523
5057
1362
2499
1501
6362
5875
4038
9302
445
4020
6941
4739
6162
4804
9358
1924
8935
1055
223
6020
8842
9000
4014
524
14
20
25
28
29
35
38
38
39
39
41
43
49
51
51
58
59
61
61
70
72
74
74
79
80
83
83
83
84
89
89
91
92
97
99
100
100
102
104
109
110
111
124
127
128
128
129
130
132
133
136
139
142
143
144
147
156
164
164
171
172
175
177
177
177
180
185
185
187
189
192
199
204
206
209
214
216
217
221
223
224
225
226
227
232
235
240
242
246
247
251
252
254
256
256
256
262
263
269
269
269
270
270
271
273
275
277
277
280
281
283
284
285
292
294
294
299
300
306
307
308
312
313
314
315
315
317
323
323
326
327
333
334
335
337
350
353
354
359
363
365
366
373
375
381
391
394
394
396
396
396
398
398
400
402
403
406
415
417
418
418
422
422
422
425
425
428
428
430
430
434
434
438
442
443
444
444
452
453
453
454
455
457
457
458
458
462
467
467
468
473
475
476
477
481
486
487
492
493
495
501
504
506
507
510
517
524
525
531
532
532
533
535
536
540
541
544
548
548
551
552
553
560
563
566
572
579
580
582
582
585
585
588
591
593
598
599
602
602
603
605
606
610
610
615
621
625
629
632
637
639
640
641
643
643
646
648
655
661
662
665
667
671
680
682
685
686
687
687
693
695
698
698
699
706
707
717
718
719
720
722
723
730
730
734
735
737
738
744
744
747
751
752
753
754
755
755
759
763
768
778
781
782
787
787
790
791
793
795
798
799
803
806
807
807
811
812
815
817
818
818
822
823
824
826
826
830
834
837
838
840
841
843
846
846
847
847
851
851
851
855
859
862
868
869
871
873
876
877
878
878
879
879
880
882
883
889
889
890
890
893
894
895
897
898
910
917
922
928
929
929
929
930
931
947
951
960
964
970
970
972
978
982
982
987
990
991
997
998
1001
1002
1007
1010
1014
1015
1020
1025
1031
1035
1036
1039
1040
1041
1045
1047
1059
1061
1063
1063
1063
1072
1073
1074
1082
1092
1093
1096
1097
1098
1101
1103
1103
1109
1112
1117
1118
1126
1130
1131
1132
1134
1138
1139
1141
1142
1143
1152
1155
1157
1159
1161
1164
1164
1167
1167
1169
1174
1175
1180
1181
1183
1184
1185
1186
1191
1192
1198
1199
1202
1203
1204
1204
1212
1214
1216
1217
1219
1224
1238
1239
1241
1242
1242
1244
1247
1252
1255
1260
1262
1269
1272
1274
1276
1276
1278
1279
1282
1283
1289
1291
1295
1302
1303
1307
1313
1313
1315
1316
1318
1318
1319
1320
1326
1331
1333
1337
1341
1343
1345
1358
1359
1361
1363
1370
1386
1386
1390
1391
1392
1394
1394
1396
1397
1398
1403
1403
1410
1412
1412
1413
1415
1417
1419
1420
1421
1421
1422
1424
1429
1430
1431
1432
1433
1433
1441
1444
1448
1450
1457
1458
1464
1464
1464
1472
1473
1479
1479
1485
1485
1485
1486
1490
1491
1492
1494
1494
1503
1505
1506
1509
1510
1515
1516
1517
1522
1524
1525
1527
1528
1530
1531
1532
1533
1533
1534
1535
1535
1536
1537
1537
1537
1539
1544
1545
1551
1553
1559
1563
1563
1568
1568
1573
1574
1575
1577
1581
1583
1584
1585
1586
1587
1599
1605
1610
1613
1613
1619
1621
1628
1629
1631
1632
1632
1633
1638
1638
1640
1645
1649
1651
1651
1652
1654
1655
1661
1662
1663
1669
1671
1671
1672
1673
1682
1685
1687
1687
1694
1695
1697
1699
1700
1703
1704
1711
1712
1713
1714
1718
1720
1722
1723
1724
1731
1732
1734
1743
1744
1747
1750
1752
1754
1759
1762
1762
1767
1771
1778
1778
1780
1783
1785
1790
1798
1805
1805
1808
1814
1816
1819
1823
1825
1826
1830
1831
1832
1833
1838
1840
1841
1844
1847
1850
1852
1856
1858
1861
1863
1866
1870
1871
1876
1879
1880
1883
1888
1888
1892
1893
1894
1895
1897
1898
1909
1909
1915
1917
1921
1928
1930
1930
1934
1935
1935
1936
1946
1949
1950
1950
1951
1952
1952
1953
1962
1962
1965
1966
1967
1967
1970
1978
1979
1982
1987
1991
1992
1999
2000
2002
2007
2007
2014
2019
2019
2020
2021
2021
2022
2023
2024
2024
2025
2034
2037
2048
2049
2061
2066
2068
2071
2072
2073
2079
2079
2082
2084
2087
2090
2092
2098
2099
2106
2107
2108
2108
2109
2115
2116
2117
2117
2118
2119
2121
2122
2126
2130
2130
2132
2135
2136
2144
2148
2150
2150
2152
2153
2155
2163
2164
2168
2182
2183
2184
2184
2184
2184
2192
2196
2199
2205
2206
2209
2212
2215
2222
2224
2226
2226
2227
2234
2235
2238
2239
2243
2243
2253
2254
2259
2260
2266
2268
2271
2274
2276
2283
2284
2285
2286
2290
2294
2297
2298
2298
2299
2305
2307
2310
2312
2313
2314
2316
2319
2323
2326
2329
2331
2334
2336
2337
2340
2340
2341
2342
2343
2343
2345
2348
2353
2353
2353
2358
2364
2369
2369
2370
2370
2371
2372
2374
2377
2379
2383
2386
2387
2388
2390
2394
2398
2399
2400
2402
2408
2414
2418
2424
2427
2430
2430
2433
2437
2443
2447
2448
2449
2450
2451
2451
2461
2466
2472
2473
2474
2477
2482
2484
2486
2488
2488
2490
2493
2495
2495
2500
2501
2502
2509
2510
2511
2514
2519
2524
2525
2528
2533
2540
2542
2542
2542
2547
2551
2557
2559
2567
2567
2571
2579
2580
2581
2585
2587
2589
2590
2591
2592
2595
2597
2600
2604
2609
2611
2612
2612
2614
2620
2622
2623
2625
2625
2629
2630
2633
2635
2636
2636
2636
2637
2639
2640
2641
2641
2643
2660
2661
2662
2666
2670
2672
2672
2672
2679
2679
2686
2686
2689
2689
2691
2694
2696
2698
2707
2710
2718
2719
2722
2722
2722
2725
2726
2729
2730
2735
2737
2744
2749
2749
2751
2751
2757
2759
2760
2761
2761
2764
2778
2790
2793
2796
2798
2799
2807
2813
2815
2836
2837
2838
2842
2844
2855
2860
2860
2863
2863
2864
2865
2869
2871
2874
2874
2874
2881
2890
2890
2893
2900
2901
2905
2905
2905
2908
2914
2919
2922
2922
2924
2926
2935
2938
2939
2940
2945
2949
2951
2956
2958
2959
2960
2962
2967
2974
2977
2978
2984
2986
2986
2992
3002
3007
3013
3023
3024
3035
3038
3041
3041
3051
3052
3052
3056
3057
3059
3060
3061
3072
3075
3075
3079
3081
3084
3090
3095
3095
3099
3105
3107
3111
3114
3118
3118
3130
3133
3133
3139
3153
3154
3188
3188
3190
3191
3193
3193
3196
3216
3220
3222
3224
3230
3231
3233
3236
3238
3242
3244
3248
3248
3252
3258
3262
3262
3262
3266
3270
3271
3273
3278
3281
3285
3297
3302
3313
3315
3318
3324
3331
3333
3343
3348
3353
3354
3356
3363
3365
3374
3375
3375
3380
3381
3385
3387
3391
3393
3393
3397
3404
3405
3407
3411
3411
3419
3421
3424
3425
3433
3433
3436
3436
3446
3455
3458
3468
3469
3471
3471
3481
3481
3485
3495
3508
3514
3515
3516
3520
3520
3522
3526
3526
3527
3535
3538
3545
3552
3554
3556
3557
3564
3564
3565
3565
3568
3571
3573
3574
3578
3579
3582
3582
3585
3585
3587
3591
3595
3596
3600
3603
3607
3612
3636
3636
3637
3640
3640
3644
3645
3653
3661
3664
3665
3677
3686
3687
3689
3691
3692
3703
3706
3706
3706
3709
3709
3716
3716
3722
3730
3734
3735
3738
3741
3746
3755
3758
3759
3760
3770
3773
3775
3782
3782
3785
3791
3795
3795
3804
3804
3809
3816
3817
3817
3818
3819
3824
3831
3836
3836
3839
3842
3843
3844
3849
3855
3855
3858
3861
3861
3865
3865
3866
3867
3869
3870
3881
3882
3882
3887
3889
3895
3896
3898
3899
3902
3903
3907
3908
3911
3917
3918
3919
3924
3925
3927
3930
3931
3934
3934
3938
3945
3949
3958
3960
3961
3978
3984
3987
3989
3995
3998
3999
4001
4007
4015
4018
4019
4036
4039
4040
4042
4044
4045
4046
4047
4049
4049
4057
4058
4058
4058
4070
4072
4075
4083
4083
4099
4107
4108
4111
4113
4115
4116
4122
4126
4128
4128
4131
4132
4134
4137
4137
4140
4141
4148
4161
4163
4176
4180
4186
4190
4191
4193
4196
4197
4197
4199
4200
4204
4209
4211
4213
4222
4223
4223
4225
4230
4232
4234
4240
4252
4254
4260
4263
4283
4289
4304
4317
4318
4319
4319
4319
4321
4323
4336
4337
4339
4339
4339
4340
4346
4347
4349
4351
4353
4358
4359
4365
4367
4368
4376
4381
4387
4390
4392
4394
4411
4413
4414
4417
4423
4424
4428
4438
4443
4450
4460
4466
4469
4469
4473
4477
4478
4481
4481
4482
4492
4493
4494
4506
4517
4518
4520
4522
4534
4537
4539
4541
4547
4553
4554
4555
4558
4558
4562
4568
4570
4572
4572
4573
4573
4579
4594
4599
4605
4620
4620
4626
4628
4630
4631
4640
4645
4647
4649
4651
4655
4655
4659
4660
4660
4664
4664
4665
4668
4680
4682
4683
4686
4698
4699
4700
4710
4717
4717
4723
4729
4731
4732
4735
4741
4743
4750
4754
4757
4760
4764
4765
4769
4769
4770
4771
4779
4782
4782
4786
4793
4793
4800
4817
4820
4822
4823
4823
4826
4827
4830
4831
4833
4838
4838
4853
4864
4865
4868
4871
4877
4885
4888
4892
4895
4896
4897
4898
4900
4903
4905
4909
4910
4913
4917
4918
4933
4934
4936
4944
4946
4952
4959
4960
4962
4964
4964
4969
4971
4975
4977
4979
4979
4981
4990
4992
4995
5003
5010
5019
5020
5021
5022
5031
5039
5055
5064
5064
5065
5066
5069
5071
5071
5074
5074
5074
5076
5079
5080
5080
5080
5082
5083
5085
5087
5096
5101
5109
5112
5117
5118
5123
5124
5128
5133
5138
5139
5152
5159
5162
5166
5168
5171
5173
5176
5177
5184
5191
5194
5195
5199
5200
5207
5208
5214
5219
5227
5235
5238
5254
5256
5258
5266
5268
5270
5273
5275
5287
5290
5291
5292
5293
5293
5294
5295
5300
5303
5306
5307
5311
5312
5314
5315
5316
5316
5319
5322
5327
5328
5328
5330
5353
5355
5360
5361
5367
5370
5375
5378
5387
5406
5406
5413
5415
5417
5422
5424
5424
5425
5428
5433
5434
5434
5434
5464
5467
5471
5473
5476
5477
5483
5484
5488
5489
5494
5503
5510
5512
5513
5513
5528
5532
5533
5536
5540
5543
5549
5549
5550
5554
5557
5561
5562
5574
5576
5580
5581
5584
5586
5591
5593
5593
5604
5608
5619
5627
5636
5637
5643
5651
5655
5659
5662
5666
5668
5669
5670
5681
5686
5691
5692
5692
5699
5705
5711
5723
5724
5725
5732
5736
5741
5743
5746
5746
5749
5751
5755
5756
5759
5763
5763
5763
5765
5770
5776
5780
5786
5794
5795
5802
5809
5812
5812
5816
5818
5827
5837
5838
5843
5849
5855
5858
5859
5863
5863
5864
5864
5870
5879
5884
5887
5888
5889
5891
5903
5903
5904
5909
5920
5926
5927
5927
5931
5931
5932
5932
5933
5938
5940
5940
5947
5948
5949
5953
5959
5961
5967
5969
5970
5971
5975
5976
5978
5978
5979
5981
5987
5990
5992
5998
6000
6002
6007
6008
6013
6023
6026
6032
6036
6036
6045
6055
6059
6060
6061
6061
6066
6068
6069
6070
6070
6070
6070
6074
6081
6089
6091
6092
6093
6102
6111
6113
6115
6115
6118
6122
6129
6134
6136
6144
6150
6151
6161
6164
6166
6168
6174
6194
6194
6197
6200
6202
6203
6203
6205
6215
6217
6217
6218
6218
6224
6225
6234
6235
6237
6237
6239
6245
6245
6246
6250
6251
6255
6256
6257
6257
6257
6258
6261
6267
6273
6278
6280
6287
6292
6294
6296
6297
6297
6297
6300
6302
6311
6315
6320
6321
6331
6332
6336
6339
6349
6350
6351
6351
6361
6362
6365
6366
6369
6376
6380
6383
6385
6385
6393
6402
6405
6406
6408
6408
6416
6420
6421
6422
6424
6437
6440
6440
6441
6441
6445
6446
6455
6458
6463
6468
6469
6470
6470
6473
6479
6485
6487
6489
6492
6492
6495
6497
6497
6500
6502
6509
6512
6520
6521
6523
6524
6529
6529
6555
6557
6559
6564
6574
6579
6585
6586
6589
6591
6592
6592
6592
6605
6608
6609
6623
6631
6635
6635
6636
6648
6652
6656
6657
6657
6667
6668
6670
6673
6676
6678
6687
6691
6693
6699
6706
6709
6711
6712
6716
6718
6720
6725
6728
6731
6732
6739
6741
6745
6751
6753
6755
6758
6758
6766
6768
6770
6774
6778
6782
6784
6789
6789
6798
6799
6802
6802
6805
6809
6817
6820
6820
6826
6833
6840
6847
6853
6862
6867
6867
6869
6870
6871
6871
6881
6889
6892
6899
6900
6902
6903
6904
6907
6907
6908
6911
6919
6920
6928
6928
6930
6932
6934
6938
6940
6940
6947
6948
6949
6950
6955
6958
6965
6968
6971
6978
6981
6998
7022
7024
7030
7033
7038
7040
7041
7044
7048
7049
7054
7056
7056
7060
7061
7073
7077
7078
7079
7081
7088
7095
7101
7105
7110
7110
7116
7124
7129
7133
7138
7141
7141
7146
7149
7152
7155
7159
7163
7165
7169
7192
7193
7194
7199
7200
7206
7206
7208
7210
7213
7213
7214
7219
7220
7227
7227
7236
7240
7240
7242
7247
7247
7248
7261
7264
7272
7275
7276
7277
7286
7287
7294
7298
7299
7313
7324
7330
7332
7333
7334
7335
7339
7341
7342
7342
7344
7350
7361
7363
7363
7364
7365
7365
7369
7374
7378
7380
7382
7383
7386
7397
7404
7409
7413
7416
7419
7421
7424
7441
7455
7456
7459
7462
7466
7469
7470
7472
7473
7475
7477
7479
7491
7494
7494
7496
7497
7501
7502
7508
7512
7517
7519
7530
7531
7535
7539
7541
7544
7544
7547
7552
7552
7553
7553
7556
7564
7569
7572
7574
7591
7606
7608
7608
7610
7612
7613
7614
7615
7619
7624
7625
7627
7633
7639
7642
7646
7650
7652
7659
7660
7663
7663
7663
7664
7669
7670
7671
7673
7680
7680
7692
7693
7698
7710
7716
7718
7723
7723
7724
7726
7733
7736
7739
7742
7743
7743
7743
7744
7747
7753
7754
7757
7758
7764
7764
7766
7766
7769
7781
7782
7786
7793
7795
7798
7800
7819
7822
7823
7837
7838
7839
7840
7843
7846
7851
7857
7859
7860
7862
7863
7871
7871
7872
7873
7876
7879
7886
7886
7889
7890
7892
7906
7913
7918
7920
7920
7920
7922
7924
7926
7926
7940
7941
7943
7946
7949
7952
7952
7973
7981
7987
7990
7995
7995
8003
8004
8004
8012
8020
8023
8023
8030
8036
8040
8040
8046
8047
8051
8054
8058
8059
8068
8069
8072
8073
8074
8084
8085
8085
8090
8090
8092
8099
8100
8100
8100
8103
8107
8107
8108
8110
8122
8123
8123
8130
8141
8141
8142
8148
8153
8155
8159
8162
8168
8169
8170
8178
8188
8189
8191
8194
8194
8200
8201
8201
8204
8205
8220
8229
8231
8231
8233
8243
8247
8251
8252
8254
8256
8258
8259
8267
8270
8273
8276
8276
8279
8281
8285
8289
8292
8296
8301
8303
8309
8310
8311
8315
8316
8329
8333
8334
8338
8340
8341
8341
8344
8347
8349
8350
8352
8355
8357
8359
8369
8373
8378
8379
8380
8384
8392
8392
8394
8395
8396
8403
8416
8419
8423
8427
8429
8440
8440
8442
8449
8454
8458
8460
8461
8464
8466
8468
8477
8477
8479
8485
8486
8487
8488
8491
8491
8501
8501
8501
8501
8503
8509
8512
8513
8515
8526
8533
8535
8545
8546
8551
8561
8565
8568
8572
8579
8580
8582
8598
8600
8601
8603
8611
8612
8618
8623
8623
8623
8627
8632
8637
8637
8639
8641
8647
8648
8649
8654
8654
8660
8660
8663
8665
8674
8675
8676
8678
8682
8688
8692
8692
8696
8700
8700
8700
8710
8710
8713
8717
8718
8726
8726
8730
8733
8740
8743
8745
8747
8747
8757
8759
8763
8765
8765
8771
8777
8781
8782
8784
8787
8793
8794
8799
8802
8805
8810
8811
8811
8815
8822
8823
8826
8831
8833
8837
8838
8839
8841
8841
8843
8847
8851
8856
8866
8870
8877
8878
8879
8880
8881
8883
8886
8888
8889
8890
8891
8894
8900
8906
8910
8918
8922
8922
8923
8932
8934
8936
8943
8945
8946
8947
8948
8948
8949
8951
8952
8953
8954
8965
8966
8971
8975
8977
8978
8986
8986
8989
8995
8998
9003
9007
9010
9012
9014
9021
9025
9033
9033
9034
9040
9052
9053
9054
9055
9065
9069
9070
9079
9081
9090
9093
9099
9107
9108
9110
9112
9115
9116
9117
9122
9128
9140
9141
9144
9151
9152
9153
9157
9159
9174
9180
9182
9184
9191
9192
9195
9198
9203
9204
9210
9220
9222
9223
9224
9227
9233
9240
9240
9243
9260
9263
9263
9265
9271
9280
9285
9288
9291
9295
9296
9303
9306
9306
9307
9318
9320
9322
9323
9325
9325
9325
9328
9328
9333
9335
9338
9338
9344
9345
9346
9346
9349
9355
9356
9356
9358
9360
9361
9376
9379
9385
9397
9398
9400
9403
9407
9409
9409
9430
9431
9433
9441
9442
9445
9446
9447
9454
9459
9459
9459
9460
9463
9469
9472
9474
9474
9480
9482
9483
9484
9485
9487
9497
9498
9509
9512
9512
9523
9526
9530
9532
9532
9537
9540
9543
9543
9545
9553
9557
9560
9563
9569
9572
9578
9578
9579
9582
9587
9597
9598
9602
9602
9617
9618
9619
9624
9626
9627
9633
9636
9637
9641
9646
9647
9648
9650
9652
9656
9659
9659
9664
9667
9669
9686
9689
9691
9697
9702
9704
9715
9730
9730
9731
9733
9741
9741
9743
9744
9745
9747
9757
9759
9762
9768
9775
9778
9783
9790
9794
9801
9801
9803
9809
9811
9814
9817
9821
9821
9829
9840
9846
9849
9849
9851
9855
9855
9861
9864
9865
9867
9872
9876
9880
9881
9887
9891
9901
9906
9908
9910
9912
9914
9917
9944
9944
9945
9947
9949
9955
9964
9965
9974
9976
9978
9987
9990
9996
9997
9997
1590
1700
2761
242
2784
3336
9828
2084
9499
9570
1430
4308
3288
3231
2272
830
855
1408
7846
9604
9725
342
5522
2600
7510
9625
3913
508
5276
7679
1614
5128
8760
2411
3158
6172
1609
4756
3116
1415
4563
7753
9574
6295
6906
1617
5320
9761
703
3639
3783
2467
6474
2277
3776
3032
6361
6432
1770
1068
4503
7573
1289
720
6848
5875
2005
2177
6708
7865
875
7028
2763
6737
4066
1285
904
5773
2641
1120
913
5856
9486
863
6141
9841
3242
6
5503
284
6875
2411
8706
5465
5418
1449
5110
369
8815
2375
9450
8446
8409
133
8666
2706
9010
2391
5211
715
4611
1973
2324
341
4612
7857
7104
8241
4790
9098
3633
9445
4324
1905
7367
3875
3559
6827
2129
2175
7850
471
1379
8363
9390
6208
7864
1541
7727
2308
6090
4771
9974
2582
1265
9070
2495
3329
1304
461
9358
9086
8774
1875
2894
344
1835
4172
8106
638
7513
660
4288
5289
5910
1720
322
1166
2511
6049
2751
4390
9982
6814
2002
252
2319
9873
5689
7815
3632
2798
3480
8553
1671
2463
1647
3638
3640
8267
8746
8169
6359
3192
8055
6308
6635
9774
7773
2423
3012
3198
5835
1571
735
9027
5103
2719
3863
8584
5961
4202
6381
4859
4830
2050
9627
5792
2257
4517
3414
8616
6303
678
7555
8531
5529
9826
9019
484
9448
1667
5266
2421
5180
7444
1300
6907
3749
7527
8064
2426
1526
7732
3722
9564
71
98
8204
606
9450
6363
1964
8220
4432
923
1012
5134
9533
2793
1470
659
4809
6553
4494
1773
8200
2417
3109
3725
5245
5419
5347
1088
5354
1531
7229
4841
5307
257
1215
2578
6100
7681
275
8926
6855
401
7667
8385
2107
4514
5963
5953
9993
6243
1411
1774
1529
7554
8395
8833
2493
5876
4392
5649
1324
3848
350
3003
5634
519
9038
7075
2597
9326
8435
4822
123
2111
2247
594
7275
6645
5723
1496
5665
8631
7751
5409
1014
6271
7870
4895
8462
5419
438
6885
8068
2515
2246
5834
7284
1452
305
6393
4711
7276
3939
1612
9156
7791
2201
8235
9972
1498
4774
6800
8087
350
1810
4285
8950
9871
1349
5120
4489
998
4214
2501
2362
8787
1181
6732
9321
8519
4671
6989
1265
2625
1691
2777
6170
679
7072
243
2656
8200
5618
847
6357
2304
4605
2474
4083
9243
3289
3259
1973
9373
3007
9895
4038
7970
58
4107
3641
9761
49
5014
1994
1590
4004
5108
1749
7216
6357
2483
1463
9304
9866
7007
7937
5828
3712
5441
7140
395
1090
6376
7913
4970
6826
7862
1072
6022
9190
5214
7740
882
3679
3548
3084
5507
7830
3174
2077
882
8880
2209
6207
4179
6532
3656
4821
2068
7730
1112
833
9991
4023
2079
6607
2019
7774
7655
656
6792
9065
5085
3642
162
2752
2599
5470
5296
1992
3158
5099
1125
1720
6376
6993
79
9273
2480
136
8134
3516
7114
6018
4279
3232
6825
6254
7953
7908
4692
1966
3712
9273
2065
43
3545
3788
9104
1000
5301
5491
3484
5429
6129
7446
4397
2069
4916
1920
8481
4306
7107
8949
6924
1071
4626
5574
2078
9581
4476
5843
4084
626
5333
2353
7809
168
4014
1564
6926
9042
9449
1967
1424
4980
1117
7953
4314
1667
7884
7410
9970
1659
6339
5702
4792
8048
7522
4241
2612
4918
2028
1220
7871
1477
5329
9943
4518
71
3290
9112
9626
7108
4021
5234
4795
8497
1746
3394
2166
5236
7133
1622
3036
5515
1918
935
3589
8221
7341
2600
9285
8960
9785
7471
2254
5805
5258
3860
4934
6946
1829
487
4923
230
5953
983
1956
3554
5176
2176
7081
8670
2096
5077
9846
3098
5899
1135
3116
4846
5276
1428
728
2931
5658
7979
5896
6884
6265
559
651
5279
8823
9074
7465
7121
1765
6772
1811
8865
2839
6500
8956
9851
1166
7398
5880
1696
147
8278
8403
7627
5942
6140
1654
1959
9065
993
6085
4432
7382
3905
8268
2392
2200
976
1596
5707
3097
3106
2113
4900
4903
6822
3542
337
4012
1154
4394
1429
1422
2597
340
9949
3541
4025
1781
2933
5388
4712
5342
7387
2761
2401
466
1203
4160
554
8589
365
2244
2360
5621
6037
7503
157
4591
906
3733
6321
4725
8017
9060
884
7815
7178
159
5315
2447
9411
7052
3897
3114
1131
6137
1960
468
7466
5638
4264
3875
224
8319
9855
1175
1179
5513
3473
7248
9853
5775
1978
3984
12
5597
8186
1106
9435
7469
2113
2764
3946
6912
4331
241
7498
4672
365
4810
2532
771
8513
5350
5322
1090
4478
927
366
843
8604
816
8081
7940
7382
8131
6031
5073
576
4655
2217
5031
1163
5155
5762
7634
55
7260
5839
2340
2809
573
585
735
6269
9535
453
9909
830
7574
3701
1374
99
4295
6784
3146
6428
8135
3056
263
7918
5366
1307
293
2154
9820
8612
2312
8901
4402
3650
1006
4660
916
3105
2674
1526
949
1319
2016
5382
1587
1354
954
769
1917
3601
4970
421
1043
8136
5448
5563
9837
6168
3055
8342
3039
1846
1083
6956
8827
5947
422
5925
4007
5476
5235
9297
2736
1146
9770
4783
5055
4628
4934
2748
1003
2620
6571
2536
7216
1152
3644
2655
3294
2714
2700
1462
4405
3186
4515
1333
1855
5890
7155
5716
6862
7610
8572
89
7737
6837
7885
4785
2305
2123
2939
892
4104
1609
695
1662
4788
350
3835
9363
6192
6072
9269
2355
1285
4878
5752
2935
4503
4159
8431
8859
7042
5019
3267
3732
1255
1744
8959
4083
9281
5272
562
6618
3469
1392
9044
255
745
4044
2045
9647
380
3353
5154
9269
2663
3076
5601
923
1946
5114
6592
6511
2650
1583
2481
2778
4450
8434
7945
478
4167
3873
2129
2366
2737
2633
1835
3714
4310
609
7497
2954
7401
887
635
7859
4227
5691
1912
8248
9057
5099
3567
5547
5103
1246
2574
9108
6482
4229
2146
4713
6764
7791
3472
8831
2476
9052
5476
2079
9092
9556
3688
2525
5727
3145
5576
5653
8818
4538
1267
3351
403
4138
1940
1941
9127
8017
5874
7322
672
7360
2292
9405
1879
2490
9161
4965
8486
8049
5959
2800
938
7695
82
2623
3527
4887
496
356
1516
1499
3451
1231
1944
4239
6647
1845
9996
1502
1748
8579
1731
8043
389
1809
3169
3499
5266
9050
2424
705
4396
7962
4544
4665
7647
8537
359
4553
2733
7080
9015
5749
8056
5145
9336
3859
2207
516
3526
9678
2765
2295
2372
174
4639
6590
9296
4712
3829
2084
3945
2850
9786
1528
2383
1242
8855
3811
1018
9799
277
40
7485
7600
7874
2141
7932
3436
9333
8922
1612
7818
8533
1680
1162
7938
2824
8587
7774
7323
1160
8859
1329
6766
714
3168
7469
2730
2145
8548
6149
1962
3473
3629
7477
196
4432
1986
7243
7092
18
4366
6693
4024
1860
5427
1901
8125
616
1746
1123
890
2307
7960
5321
3947
6420
6122
1669
5569
231
8340
7170
9896
552
9646
1784
3977
6299
9313
6477
929
2443
7097
1756
7538
7058
1563
9781
7816
3273
184
709
7807
5520
6226
824
2339
2960
2111
4620
727
9023
2572
1352
3370
2100
1764
7580
519
2475
5937
6235
4733
4379
9234
5862
4895
9942
8062
2459
7771
6705
9895
5678
528
8854
8754
2438
9100
9814
9191
2044
308
8706
8884
1199
4137
1051
3831
8748
1463
6232
3003
2348
3038
3177
306
3085
2694
5066
4996
1750
7967
6410
9815
1253
9879
3564
9968
8924
7840
3277
2825
1900
6481
968
1475
7840
395
8230
1566
6317
8511
2346
7142
2040
6830
2380
16
1881
1441
2948
7926
9166
7594
3002
751
3203
3979
2411
4243
1505
6918
3070
1421
6532
7012
696
7266
7634
9562
9581
865
793
4504
1560
1547
2231
3540
2349
4405
7408
6167
1149
668
380
2294
7754
5384
7839
2084
4123
5284
29
8373
2962
2493
6061
9734
9819
2504
1101
8268
632
2265
4295
6811
6124
7666
6770
9816
5796
2457
9212
7504
429
3597
7991
6922
8753
9338
2017
746
7236
2282
2345
695
142
959
8382
8080
3466
8926
8458
9595
335
8174
9487
3934
7020
7970
3665
1522
8857
563
4612
1684
3051
5346
4295
5549
1977
108
1442
2117
7949
3758
4923
7123
4157
9147
7471
8312
1035
9292
8544
1374
4457
1175
4042
1675
9505
420
6154
970
4484
4220
4241
7771
5553
2802
8517
1465
1288
2598
9592
8413
2272
8184
1166
1809
4134
4026
617
2296
662
153
8199
9580
6655
8493
4479
4200
2035
7839
6103
9688
6284
9099
9273
7661
7669
9414
4040
4405
135
6353
494
2986
3875
591
2471
3657
2624
7203
5651
1959
6453
9086
2887
4943
2937
1992
630
8511
1801
7468
5071
1188
218
8281
1431
3314
640
6885
6712
6089
2622
8325
4249
9252
1775
7035
560
5251
1764
7696
3717
4828
9550
1922
3305
7406
2735
6479
2872
1670
5804
8642
1546
5430
1830
6717
8512
5058
4442
5176
6541
9148
9669
105
1507
7923
9883
7365
688
3928
8810
1926
6504
1265
1531
5518
8773
3361
3993
3098
9355
3575
1477
8954
6481
6054
88
6768
1630
6054
6090
807
7696
968
84
3462
6227
848
1921
4149
3967
7934
3370
959
6243
1693
3778
7753
3841
8416
6382
3170
4314
5257
7754
7019
2219
1452
776
969
6904
2292
3034
5785
4040
916
3330
9267
145
9937
7575
6514
3974
270
2939
499
1246
440
8108
3068
4455
4627
3624
2655
5290
2276
5076
6943
8033
6465
3101
961
2070
9829
4224
8679
1902
3737
2920
8569
3846
9935
2503
7381
1212
7617
2903
6425
3137
826
3376
8622
6254
6034
93
456
373
8560
2618
4923
121
2379
321
1328
7105
322
5653
776
6233
7229
8558
4288
2921
3955
9399
2389
3113
5869
5460
3722
1317
2843
1640
5368
1806
357
6982
9046
8194
869
1062
7113
9917
2467
1882
2989
3600
6561
977
2693
4449
7337
3996
5055
1810
2403
6928
6507
1270
2907
3467
318
5729
1011
9226
8050
608
69
6138
3840
3466
8795
4286
6225
7477
3682
1281
5345
8155
332
3660
533
894
1989
3642
3071
2730
1289
2489
191
9738
3060
2132
3244
5166
5450
1199
2435
6315
8552
7299
431
1443
1994
5979
3226
9783
7727
5437
1363
3451
7322
3133
6961
1305
1098
7023
3479
3976
2220
2220
7688
1197
7103
1782
2476
8963
1880
1359
7012
7816
1175
7015
3515
7928
4026
261
5645
6285
7217
8088
6956
5479
3282
334
7361
9417
5486
6020
8832
1620
9635
9295
8735
9096
5027
7867
7096
4232
8853
2242
2364
5389
8059
2495
2427
2030
7444
8291
6498
591
2290
3624
5444
5239
9566
9397
6444
4822
3499
7633
785
5047
5272
7323
2395
9970
8810
953
9125
1397
4986
655
1796
3476
7466
531
2215
3407
1470
1663
9824
6003
1225
1559
2018
5347
4821
1499
1642
2345
1623
1214
3939
9719
2002
1416
5989
8355
4107
1193
2461
9731
29
9376
5171
1749
9646
5803
1496
562
9857
4543
687
7219
7054
8219
6510
3428
8831
3784
2484
8201
3868
6771
4765
6111
2761
3726
2324
7412
8558
2163
2872
3513
5495
9915
610
1270
6829
879
4598
4239
1958
8764
712
1398
2024
588
8929
3185
1444
4899
5682
1070
7920
6663
7144
3540
6085
9604
8001
2764
6251
4255
4606
335
6801
5289
4489
33
4929
5142
7720
4031
2723
3198
4243
5397
4833
6308
3923
8867
5340
2230
43
6561
685
2836
9596
1872
574
3140
6179
6963
7722
8516
2710
1102
9425
18
9743
8493
1841
8633
1703
73
9938
2685
2183
1927
624
4297
779
8033
6031
4663
2632
8904
8282
7888
8048
1514
428
9924
5507
6721
8259
5580
712
7261
1681
1821
4797
8499
9141
3744
4795
8581
4218
3569
6461
4468
9294
6901
8962
8787
7397
9823
6001
334
3279
6772
5837
6187
5447
9821
5657
1215
6830
6733
8477
9108
1944
8228
4634
1594
5925
755
2651
8012
9010
929
1724
5124
1649
1582
7039
5313
7846
8534
9261
7240
228
2327
8170
153
2728
3127
7324
8244
1619
80
6045
9180
2494
7197
2495
6250
9433
9530
5567
5669
596
1350
7485
5696
7714
2620
987
6804
6923
4195
9780
7408
7361
4211
7664
3758
7733
7177
2229
3609
7258
7149
3631
1628
4602
8193
7107
635
8889
7820
8480
4936
855
7384
440
4911
5033
489
2494
1299
7002
7872
8719
3853
7662
8270
7110
5122
8759
8045
5883
1732
364
6283
556
2844
3446
7720
9295
7078
8269
8499
3734
4205
7267
5855
9380
1193
6527
2476
1279
7382
524
7667
5494
984
5027
1634
5637
5675
6935
7769
2055
9503
3999
6484
3547
836
7033
9946
2602
2066
9693
6789
1080
5181
1840
9555
5817
1591
5402
3756
1078
4182
2762
7653
544
2903
8104
7621
852
163
6219
9894
8304
5202
3212
9102
9509
8621
667
1614
4365
7320
33
3035
4911
5647
7718
11
7824
1152
5779
9090
1964
1370
7354
6174
870
3413
1989
9135
3932
6642
3405
2236
4911
9571
6732
7842
4450
8062
8020
7134
176
5951
2609
2700
1490
1164
877
8560
8961
9084
995
3894
1417
234
5238
2006
655
4935
8226
4202
1765
942
883
3042
4252
284
2501
4296
4553
6032
8364
7952
9418
7999
9958
1906
26
6139
125
1435
9347
5988
6369
5936
8788
8767
8485
6500
1716
7895
344
5964
3110
7745
3879
370
1422
6405
7681
5175
6178
8249
5500
4253
2500
3200
3830
8051
1599
7220
4334
1905
7359
4927
900
871
9142
2112
6462
8674
8589
4108
5549
9919
1368
6739
448
5474
5309
4996
8647
6777
2022
8212
7130
4956
853
987
5194
4728
4696
9903
744
7517
2397
8661
8342
1173
6647
421
1371
4582
1297
9550
3035
9449
7346
6458
1477
8347
8594
8979
991
8820
4957
2726
5487
7719
4166
9415
5931
7881
2445
229
6660
6246
2116
8575
3358
9968
110
1623
6547
9017
1961
5430
1208
3059
6493
448
688
3253
2213
3737
6752
7841
8030
1913
3940
1700
5918
1772
8208
5806
2615
317
2216
339
732
8516
8131
5505
1283
8029
7086
2738
8188
4347
4926
1604
4433
3868
168
3192
2590
1583
4420
5496
3394
6436
3151
7564
7846
8275
2336
1919
382
7295
5918
3549
718
2028
223
8384
1023
4191
1988
8011
5842
5829
8259
1062
5893
1351
2069
7131
8243
4524
2
6865
6144
271
9385
6407
2710
7763
3381
4755
1097
7140
6332
8364
2802
6815
249
7092
7594
741
7549
1370
4581
1869
1729
9759
1313
4680
5839
8312
415
5960
4882
8307
481
707
4507
1901
2597
7076
2854
7971
1985
835
2092
3240
1503
7510
9737
6935
6667
6088
5665
2553
619
3081
5071
9448
4702
2343
7598
5941
4136
8987
7964
2375
781
2807
3212
8150
4011
1678
8714
7575
2142
8212
196
8136
5134
5672
6663
9407
1323
7487
3832
30
7356
8084
5
3161
5780
9980
5227
3499
2694
9166
4600
1206
3291
483
7491
3529
1090
2266
907
231
3607
9648
478
7286
7494
9790
988
53
6513
2739
9610
2082
3057
1347
4699
2890
6138
2704
4972
434
8707
7912
9358
2054
7204
2655
3242
2384
687
8159
5824
2187
3060
3294
8369
8120
6176
8047
9118
7841
7366
7418
624
7420
1474
5344
1001
4675
2009
7242
8682
2161
1972
7410
487
7295
815
4324
888
3329
685
3910
6305
2042
9054
6150
3829
2343
7028
2787
9446
8554
882
414
1168
6262
1846
1170
8279
2443
2568
5330
5501
6674
7155
2930
985
4427
2597
3802
6453
948
9986
5462
9942
1822
317
5760
7954
4859
2457
8818
4044
5866
1468
2231
1763
326
5509
9618
4045
8011
3328
4785
2942
6859
8872
515
7533
528
5661
9943
4329
1331
1286
8455
8007
365
216
4677
7440
379
7591
9573
9737
4103
941
75
9602
69
3753
1174
3331
2779
2745
6734
1347
2645
1067
4826
1564
8872
4992
2149
6204
2069
2770
5457
8221
1632
3992
9836
3511
6817
6887
3715
4259
1642
8524
2772
6403
4683
7191
3256
4849
8803
3914
81
1126
5464
403
7457
2652
4009
1285
5899
9366
1185
1950
3197
286
238
2596
414
8527
819
289
1300
7332
7515
2545
2458
7792
2096
1930
4672
6528
2187
1804
2579
1054
2716
2872
2463
7895
6683
1573
4450
6703
9280
9057
3634
3123
385
3317
8898
2144
3306
1532
4849
7890
8642
4278
9043
1152
7275
632
2229
5510
7994
8790
6987
9970
536
2723
5292
835
4456
296
9904
1167
154
884
7352
2101
4159
3619
6624
7922
1166
5377
1041
4087
5991
6865
8521
2234
5621
5913
5823
5388
5337
192
2145
2316
9333
9692
6624
8698
6
4837
6607
8542
6343
9710
4632
9034
465
5605
2704
8413
23
2072
716
522
9489
3626
1892
5160
4039
5254
6118
1739
3984
7668
7438
2595
5483
74
2996
3459
9439
1685
7751
5749
1886
4376
8217
492
7167
1555
4027
74
7004
8424
9947
8243
345
6986
1770
8577
6471
8855
2403
1049
519
3048
5561
911
6866
1190
8944
3542
137
4735
2606
1466
9561
1977
6707
3953
641
86
9096
2191
3511
2265
660
281
423
2313
8549
2269
7293
707
893
96
7718
8340
2522
2968
98
8615
394
1051
8445
2524
9918
8278
878
634
9471
1651
6223
5526
1423
8581
4142
2452
5554
8886
9475
6846
396
548
5155
291
5804
6567
5172
1889
4873
4534
531
1718
204
5610
1986
6531
5583
6066
4390
9491
1732
9497
3296
4074
601
9733
2234
3329
5946
9985
6836
2465
7096
4398
7439
6414
1672
4597
4827
2215
2479
6977
7788
5354
925
7755
9042
4573
4967
7541
9081
8715
3946
2618
1901
9339
1229
7893
930
5799
7318
1490
9732
3996
3439
6563
3035
605
6570
308
2049
781
2979
1729
4694
3708
9270
6
8547
7410
5056
6550
5438
9498
7962
896
4430
6801
2291
6447
8272
9023
3149
3297
4969
5364
7532
5387
6797
6487
4426
1803
1791
5387
2862
8590
5577
3684
4413
1331
718
4905
7842
8703
5455
4057
5323
5122
1163
2115
7780
8842
4874
5952
2776
3447
2780
676
788
7582
7853
4869
8862
5330
1356
4011
6390
4656
1805
1513
9693
7146
4731
2634
1395
3511
5394
5632
4501
5304
9196
5577
9463
1358
1786
5027
765
7498
7445
3138
705
9925
1301
5887
5968
7425
8706
9267
3909
927
2409
3380
2603
387
6578
2511
9869
549
1952
5719
3664
666
1816
4892
724
8642
9862
4016
5846
7459
9436
8902
7018
9254
972
700
3223
2768
1383
8411
771
7396
3463
4796
337
2134
4603
9389
6887
9459
6097
2372
2373
5184
6361
9636
9955
9872
7622
3406
3675
1786
504
1529
1079
3546
4969
8725
5036
3559
4821
1644
3943
725
9773
2298
9782
5452
7805
9999
3226
5480
300
9138
2651
978
821
9560
1629
2591
3396
245
6834
5384
1362
915
4785
842
133
401
1045
2910
4034
5501
2633
2108
7652
677
1986
5387
4769
5707
1901
9452
3003
3351
3451
4920
8309
9057
761
2711
8710
7071
4837
7907
9539
2667
5039
9244
6504
7193
3980
5917
7462
9463
433
8335
9380
5750
4926
669
7503
825
2008
2279
4148
3372
7883
3099
1520
4390
2912
3440
9366
209
6892
5461
4912
1498
361
2458
3929
4356
105
6893
363
4882
7640
4568
5973
1589
6273
2008
9295
6002
3187
465
7952
8584
5990
2513
1040
7536
2489
819
7130
2550
9133
7828
8020
5063
4280
9787
5458
5403
8771
6596
8647
517
1700
6030
2718
1593
627
3798
2393
7598
1159
6115
6295
3859
7505
451
2571
6807
1676
9254
2507
9699
1858
6778
1750
123
9171
598
5641
4870
7330
5004
5044
5305
2304
5240
3640
9114
3981
5182
324
1076
6651
8627
3633
6167
9094
2346
9706
7922
7665
450
3040
8291
2291
3294
1341
3613
5186
2629
7768
8316
1758
1307
5704
4517
7985
1392
1500
6834
7558
8983
41
6540
9240
3002
7622
2425
4348
2844
2853
9545
4801
1711
9475
1516
118
7575
9922
7110
3021
3679
3860
5093
7728
1147
6364
6370
2289
2669
5023
8454
3974
4475
3617
9808
6276
5377
7421
6116
3787
4115
308
6677
6899
1478
4058
822
6421
6271
2973
6830
9453
1612
7448
42
3375
2146
647
3720
7607
1159
9980
401
8309
8449
2705
261
1193
878
8159
1742
4860
9237
1023
30
3855
9949
5006
8682
1975
2477
3862
3628
1801
2660
3563
1795
995
2842
8995
6830
4108
9014
2570
8425
7036
8609
6852
5766
7967
4075
9236
2063
1941
7740
765
3883
4414
5694
343
5824
7253
8505
1077
1305
698
5887
5972
7
1508
2058
8038
604
8039
8450
1568
6534
9090
1875
721
7753
1116
8526
6020
3632
9105
3903
423
3765
6791
111
2989
9535
4118
1419
9921
5532
7319
3189
1644
895
9371
3993
1225
1819
656
2819
647
6993
7568
4383
8559
598
8474
1697
919
1257
1813
8454
4309
6004
3586
2970
1208
2592
9666
9195
6355
1086
6152
2062
7355
7859
2128
3137
2660
7427
7599
2769
6055
8626
2493
1485
5271
3318
1185
5578
6772
769
763
5801
8015
5407
2408
1334
927
4330
6849
1793
4227
1222
4997
4530
3081
9162
9785
2121
495
1787
3981
1780
7240
2976
817
517
8113
5105
935
6067
692
1793
5274
7872
3325
3118
4176
7866
5115
6806
6620
5622
6969
8301
9431
9290
302
3020
2048
1097
9074
3900
3761
1701
9618
3683
1956
6960
9461
1486
2726
6355
8527
4976
7131
4739
1606
3226
3122
5296
2708
1404
1322
9072
3133
9322
1109
6796
9233
9746
2780
3897
2324
4637
4211
4442
8412
4341
1183
3812
6810
934
2101
9698
4861
6455
7813
1226
2116
1691
4022
7487
1378
4995
2995
4216
9158
8694
2231
8641
1596
2372
6
801
9294
7815
380
4748
9279
7868
7305
522
2778
9328
685
488
1318
8926
192
1373
925
1880
501
2831
3069
8244
608
2343
1070
8233
8310
9250
5077
4953
9748
4073
1384
6354
627
5732
4915
2672
9450
219
9563
1653
7877
413
4417
6108
4068
5668
4762
4570
5655
856
5692
2838
4520
9491
2779
4394
8169
341
4405
8106
1120
5194
650
3349
9392
5033
1216
8186
4747
6317
2790
3069
6389
6761
6024
7209
1706
1047
1010
9640
6962
1154
8664
8721
3092
2614
3318
1042
1176
2004
7507
5167
8466
9322
8732
6537
8892
1426
5582
7633
4483
4842
4899
6143
2245
2420
8433
5231
2297
3663
8335
2683
6912
3381
7369
9631
6074
646
6838
3912
7244
7158
3817
1566
3057
6370
5157
1061
1886
6521
9684
5262
6874
2104
6218
5315
4782
342
5445
9731
3657
1650
8823
8395
4072
8330
4231
326
4612
8973
9845
1685
9596
4322
1501
2690
5861
7163
9038
3937
2750
1989
8396
3577
7065
8097
2194
5202
1111
1847
2363
224
1603
2361
9683
1647
7554
4087
2106
1054
617
2194
3961
2144
4768
2082
232
481
6470
7275
143
5127
8101
5101
860
1641
7127
2028
6164
2292
4424
2784
461
8315
3342
1293
7707
9183
9783
4341
890
1392
9090
6892
8700
482
2609
9085
8418
7908
6941
1500
592
3693
634
3195
4957
8471
8828
2321
5512
3248
1226
135
8049
8335
5778
4229
7575
5156
958
2845
9214
3635
262
3333
3156
4835
3510
7883
5971
6194
1792
2772
4857
6107
3589
1974
7302
5178
8097
6615
6582
9375
3028
3718
1105
1170
7208
7864
9087
1126
7359
4485
1679
9409
1293
996
4313
6906
8407
5556
6003
356
1402
7085
5297
9018
9054
9974
3249
8363
556
3464
6998
1081
2958
3411
8179
428
1159
3648
7162
3292
8579
1446
4389
3055
3504
1345
1509
4112
1548
4784
1433
3665
1376
8574
9394
8178
8590
5795
9652
8418
5992
1707
7807
7253
1921
4696
8255
1814
2551
6708
9073
5263
4753
1513
4952
8247
7909
6756
4734
5740
494
1079
8382
3186
1484
3359
6978
2282
908
3637
2104
1222
1114
1096
2411
347
8596
5883
7359
3752
8769
8619
4444
5287
9329
2533
9711
1377
2454
7125
3566
1255
6116
1089
1706
4238
1189
4007
234
1898
1425
532
4933
1983
7868
3368
9328
8532
511
886
1945
1225
5820
8479
6323
6250
3532
7953
980
2629
2011
6028
9931
6456
9831
454
7765
5934
4116
5072
4770
2236
2708
6345
6739
8630
4053
1169
9431
1848
8507
912
8279
1938
7712
759
4574
8451
7433
9591
8109
8745
2843
3490
6414
2856
829
1487
4423
5642
3584
7553
3009
8678
2333
6538
2090
5651
2701
7436
1480
2206
8431
5537
5823
5690
9845
2987
6948
9592
6112
6558
883
9192
1982
4285
5182
6607
7152
1026
1047
1753
9841
8898
2496
1248
2884
6640
1521
5789
8237
6017
3818
7231
2211
9936
2778
2234
1780
835
6319
2018
3498
798
8894
7224
9548
4102
9061
2964
152
4280
7439
9219
4527
8539
1432
1843
4098
548
5377
45
316
7209
8215
882
2320
6583
4383
650
2772
9191
5141
9944
1293
5391
2165
7122
894
3382
7689
2895
3419
2058
437
2946
7283
9589
4831
2534
7950
2220
1666
1514
4450
6058
485
7296
76
9085
9080
8273
7310
4928
9295
3299
7284
5177
530
9725
5531
9011
1363
3705
4931
9694
8386
7163
6372
2678
5597
2802
2496
1218
972
7709
4152
1294
2637
8016
9042
2810
6811
695
2968
1364
1476
8346
7028
8900
1483
5825
2667
1559
5499
2874
4904
6430
2829
7129
2523
3815
7292
3999
801
1628
1543
1006
4325
6395
727
6459
1623
2567
6257
4533
2556
3804
2270
1526
2167
2600
9561
5544
5671
9112
7865
8057
2400
6033
9584
6354
5086
9296
7523
4884
312
6980
8666
6500
9569
2987
8698
3449
8005
9386
7602
2963
8578
8465
7379
3918
2116
685
804
7256
4838
672
5812
6015
7029
638
3201
9374
1415
9098
4553
1626
717
9793
3599
5848
5877
212
1152
2753
7219
972
9766
4648
4928
9081
396
4012
2371
2092
4452
361
2928
7222
2886
3684
6174
5215
6969
8982
254
9643
1767
2264
7784
3723
9100
8961
7240
896
2271
8940
6073
2325
404
2045
5200
302
8961
7701
8973
2427
4016
2516
6862
6193
9445
2639
6068
7563
2912
7298
41
9341
7669
5015
594
5257
9434
4008
3506
7078
5824
7825
9152
1278
1446
8634
7146
8758
9674
9987
1273
9059
1745
705
4951
4235
8202
6328
718
1082
7326
9161
610
278
3114
2735
6002
949
4832
5716
2524
2782
1771
4329
2655
6797
5250
3382
3748
299
415
1582
9167
493
1392
4631
739
9979
5293
1144
212
6468
2475
3204
7025
2064
1312
151
6945
2950
9800
4302
5229
5712
9656
5243
7790
9612
3985
4585
3848
4452
2487
9533
5864
9759
2675
5022
4698
2969
6437
8119
9647
5553
9358
1850
5740
9682
6125
471
9670
6244
9272
3773
6093
2788
5838
3072
1846
1585
3019
6028
4286
5496
9547
3833
7883
3795
4050
9168
8693
7501
9708
156
2965
233
480
244
2909
1172
3770
4936
5433
1416
762
1930
5444
2914
5639
9424
2654
4646
1991
5287
3292
4161
371
9114
9520
9600
1015
9842
4283
4319
3832
336
7424
2468
7081
5625
1611
9950
2815
6034
9874
9112
2211
9293
3307
1442
8425
546
8590
9089
6511
5425
6028
7622
6087
1878
1152
1469
2264
6383
5493
3383
4354
842
5288
2586
1905
7954
1855
4183
9716
2588
5338
5581
302
5709
9401
7404
1453
2863
4111
2508
921
8835
7349
9503
2943
8808
9234
2068
5230
845
2201
1101
242
9571
7668
3748
9200
983
576
1257
3281
3599
1320
9903
1522
9283
7607
7352
9866
206
1448
862
3838
628
6272
948
5074
8454
9694
2428
4385
4612
5057
330
47
3523
684
1944
6413
9487
1638
7771
7437
5474
9557
6759
2790
3606
1499
8751
5626
8279
1681
175
9846
2477
1508
8477
1738
2313
5613
5341
7401
7325
565
1444
211
9873
4840
3232
2497
6499
8601
1238
1233
3726
7863
8123
5300
4367
8815
1047
4115
7428
8130
9303
5033
7077
8697
1666
9005
984
9541
7503
686
6880
460
5733
3988
4901
7345
2034
3445
1610
9186
9456
1605
9579
7368
7109
3442
7205
9755
137
303
8171
5732
5470
4222
2614
407
2699
3604
5244
5649
5674
7687
2196
5102
931
8059
601
2558
72
5678
9901
8040
5602
5073
3360
4208
4123
1416
7089
3141
3902
7044
2900
7198
3196
3742
3829
6135
9585
150
7740
5878
6678
5054
8754
83
2295
1456
5298
1543
2968
9895
243
9508
372
3277
37
8901
5175
1088
1707
5799
3901
6778
6952
8553
5369
8658
3724
2304
170
2845
8529
5486
5707
937
7521
7924
3226
5563
267
5285
876
5527
2533
2092
911
5744
7524
1441
4639
9665
5306
3177
3677
9835
4767
3596
7709
9999
6323
2266
8127
1007
7842
272
785
2225
490
2535
1875
9652
8649
1471
9547
741
2155
6762
809
4355
2834
6203
1421
6482
5926
3185
5992
4429
8192
7743
6001
5840
9441
6302
5273
1845
7784
9348
7232
7309
3444
4759
2841
5346
999
6637
7564
5210
6588
5878
5644
6110
3162
7036
24
3452
1560
5129
7285
8362
6484
1418
1627
4684
6383
4387
2638
2151
5099
5139
1505
6087
3192
3433
2710
9390
5275
631
9113
7342
6032
1494
4670
3129
338
9403
8856
8455
5064
776
5979
4552
770
5590
8804
4842
4244
3425
472
3837
6706
612
7354
1653
2030
487
8977
880
1309
1078
1209
7049
8944
2596
1897
5420
834
9312
2549
5339
9246
6055
9716
6576
7891
74
4581
7827
6681
4481
1005
2239
1398
9280
9669
4144
1581
5848
3890
2336
1879
4449
932
210
3108
7864
2243
9806
8531
548
2407
2223
704
6589
9815
2057
8254
5230
4372
6655
7302
5546
151
6740
5374
3501
632
9664
8957
837
6145
325
6094
2225
3730
4211
4564
7368
2614
1001
1949
5741
9798
5964
2601
2162
2348
4813
7980
6427
891
3078
6274
7076
5805
7381
2243
645
5261
285
2296
3701
3654
2073
6012
4733
7883
7938
4838
3646
1897
7139
9783
2534
6154
2155
815
5022
7067
2706
2293
648
5216
7584
326
920
2311
6554
252
4159
6938
7887
755
5152
777
7154
1097
7309
8967
6248
2021
3393
2660
4869
2601
4644
1275
5122
7786
6042
5708
9793
6592
2653
2957
4932
3369
8620
3229
1771
2290
8036
6345
2013
57
62
3858
3033
7149
4137
6463
8269
2455
234
9455
2567
2845
1873
2257
697
4212
4093
3688
4178
917
7747
6393
5851
6948
8651
1335
8432
1421
9579
2529
2016
5872
4696
5689
6758
5679
7178
1609
9097
9044
256
7746
7120
8664
6260
7333
6218
1810
3904
1173
1853
2717
7312
9564
2573
7022
9178
3085
8752
2580
3868
138
3216
3200
3317
2743
3265
2839
1703
9550
5331
7413
939
517
1609
85
1461
9261
4987
3327
5433
2012
9466
1312
511
7645
3298
4416
9763
9687
5605
8112
7600
5579
6901
8066
8814
9010
2609
3886
6296
2727
2308
6978
9459
7200
1467
6234
1677
4706
9046
8064
5570
6501
480
6198
8117
3110
498
2673
2429
8797
6981
5000
2478
4702
8631
1982
6537
9395
7199
7020
2854
6410
4100
946
9921
907
4476
4719
3347
2093
7473
5280
2595
2457
6248
1509
7612
9566
2613
6362
6129
4519
5993
405
750
2346
2701
5787
3232
3555
100
5080
1048
1473
9051
782
588
6734
3540
9485
63
6516
9781
3557
4483
8606
3242
3256
3627
5149
2354
6611
1205
173
2568
7822
3512
7256
2144
274
875
2056
8422
2779
3862
7154
8705
1742
9421
8993
9453
1884
426
2065
9753
9735
1673
126
3054
389
3035
9132
5634
35
3235
8296
2828
9228
9637
5470
8728
5562
2832
220
2701
7772
361
7223
8878
4568
6842
8445
9822
6211
811
9499
2679
1679
3232
9712
9628
6500
1554
8081
5405
9811
9187
638
2475
5702
1308
8629
1261
28
2169
2582
8595
6820
152
1047
1353
6567
9133
5064
5678
331
9210
1337
9813
1045
3453
971
2027
4287
2682
4165
587
9066
5723
8168
4030
197
1253
3973
6215
3071
3341
4589
8574
4090
3387
6361
4955
3297
574
8044
406
587
5856
4005
3916
2208
794
6729
7205
2155
459
7920
6067
5793
6437
5535
1741
4145
5513
6038
7101
7884
8805
6443
8535
3927
3531
967
1708
1343
6835
3023
6974
9660