507
961
43
599
186
758
309
256
487
395
925
968
631
674
369
383
158
923
789
220
937
572
220
460
38
907
753
674
40
406
968
63
162
712
76
926
994
666
203
859
439
72
730
404
203
742
309
798
405
485
690
842
25
678
968
405
201
742
686
530
38
51
268
26
34
730
982
970
198
629
804
268
51
315
730
566
158
524
632
383
747
346
859
7
222
138
908
405
804
731
939
26
264
496
596
644
71
193
671
483
460
315
908
487
756
506
902
470
656
155
25
548
360
396
264
674
260
597
842
506
63
180
749
674
71
26
75
832
488
72
926
522
487
749
229
346
738
629
485
961
248
591
108
496
968
506
25
401
400
406
485
405
401
537
193
75
530
138
268
699
404
756
731
510
400
260
488
406
677
600
599
488
804
811
247
619
360
690
697
334
530
155
229
50
359
166
389
522
34
677
485
666
510
600
404
923
359
186
400
758
887
383
158
34
674
34
500
585
247
674
400
613
201
613
530
730
843
389
926
63
138
32
334
154
984
789
522
131
101
330
193
612
926
810
566
511
585
991
34
825
395
791
738
410
75
339
222
72
71
738
516
937
596
43
851
129
108
396
556
439
516
619
500
961
673
539
887
869
968
114
396
939
859
742
699
666
154
923
982
994
530
222
415
317
218
619
192
934
758
690
539
595
753
537
690
180
506
680
389
359
591
198
264
222
76
869
749
426
496
907
268
222
7
698
415
404
887
40
475
483
34
26
524
951
907
842
548
685
720
537
268
51
471
383
517
470
693
511
483
439
926
549
731
566
471
539
43
693
297
426
937
369
549
220
226
730
496
699
369
460
359
89
887
76
747
230
600
297
26
991
758
810
43
401
789
786
483
488
925
449
71
720
961
786
982
614
851
758
500
483
859
798
810
51
951
500
7
594
264
699
556
970
690
970
794
970
339
632
32
539
697
600
595
678
791
869
34
939
697
229
162
979
786
186
926
360
315
631
811
12
66
164
192
162
530
166
496
583
851
40
222
7
511
731
297
756
991
339
556
525
699
154
449
787
709
811
666
101
66
951
415
623
464
923
330
968
934
591
384
155
671
488
483
395
731
926
510
124
599
359
690
487
887
384
544
155
843
549
406
483
359
591
674
89
32
937
680
738
401
537
124
108
749
939
507
166
690
12
34
63
101
591
612
507
488
537
222
400
90
666
698
75
464
317
709
786
595
138
180
471
43
360
968
907
671
951
114
690
43
359
72
360
599
623
439
475
383
842
129
511
186
549
138
923
34
198
539
464
203
680
203
309
483
869
471
804
383
984
612
396
612
360
260
794
859
483
926
690
842
825
260
315
470
162
516
247
747
686
124
842
131
804
187
619
591
43
483
741
475
90
614
712
72
522
741
680
138
756
600
594
583
154
247
632
115
225
673
798
115
225
163
471
162
811
339
845
908
747
693
449
75
60
359
310
674
230
804
256
193
384
76
75
193
686
656
685
75
7
71
585
192
859
330
218
712
794
203
389
939
585
166
961
951
970
566
115
158
201
594
496
506
346
549
147
405
369
556
623
396
923
500
539
230
671
585
596
747
747
485
631
939
309
401
597
674
264
524
758
395
556
26
496
108
406
552
709
34
556
487
186
400
360
697
485
887
939
7
507
787
389
908
991
753
594
787
583
738
66
66
596
155
619
843
395
369
811
40
758
741
203
984
825
101
60
51
517
686
787
585
517
791
908
644
825
596
517
686
38
50
786
507
158
506
666
510
690
203
201
384
516
507
937
677
317
517
410
674
470
994
439
749
51
756
230
63
810
488
72
869
186
334
26
623
496
741
677
530
600
613
460
613
680
389
548
644
524
138
114
226
66
632
677
982
756
673
677
114
656
25
439
612
544
310
984
395
595
629
595
488
789
60
786
937
218
129
464
934
907
466
859
591
40
756
50
487
114
731
339
247
619
404
583
180
1
464
360
90
310
548
101
842
330
260
749
680
63
524
90
218
162
466
309
556
731
600
549
686
186
401
948
517
979
360
845
516
749
166
248
483
859
470
101
114
496
108
673
138
396
984
699
138
525
315
12
596
810
948
583
260
548
1
673
596
404
632
517
517
471
400
925
34
71
690
1
923
297
589
939
225
248
656
680
475
25
470
346
1
1
753
591
471
738
389
937
970
415
685
339
786
548
537
709
229
401
859
203
811
673
583
843
794
360
466
600
869
346
666
449
845
389
154
656
804
539
631
384
360
539
309
330
90
589
697
697
597
230
369
475
798
599
583
516
524
842
926
131
979
198
108
415