60
4421
3553
562
8014
2589
2712
3886
4731
2076
622
7259
8073
8699
2097
4555
347
4356
41
7227
3987
4338
9331
305
4692
8790
2476
1671
2541
2412
2065
5863
1346
3677
9749
2648
5901
6773
4739
9287
1206
4152
7268
3177
5918
9489
4018
5824
1714
6811
4622
7436
2126
6660
256
9076
4880
9503
6205
7990
5311
1112
7725
5195
8540
2445
7230
5870
4327
1947
1507
95
3189
679
4241
4306
7856
2655
7611
7373
9744
2304
7628
1459
7721
3320
822
8186
101
8494
328
6180
4371
6929
1317
1196
3711
559
4691
6799
1781
8072
1329
9565
2944
9217
4285
607
1128
6365
9332
796
2316
9849
8507
1911
491
8886
1054
1291
6505
589
6423
5866
4576
6254
6321
5010
549
682
7869
3025
6445
8786
3173
4522
1584
5695
6111
5832
8205
5235
7989
7859
622
2991
8211
8593
1548
1607
7792
9454
1862
1747
5872
4927
4943
7463
9640
3492
6054
8310
2932
3164
3433
2482
5591
269
7996
567
2705
7524
183
3097
277
9434
4702
9178
9195
3400
4469
7249
1299
8380
1715
760
492
2268
4182
9844
2228
9834
2232
9002
320
4089
9249
4000
2254
5679
4380
8194
5785
8716
622
5767
2477
9338
6837
3155
4348
9253
9757
2493
4193
1180
4921
6484
9138
585
7936
4669
1227
7405
9941
2224
6441
6464
5627
4629
9187
2568
1785
4697
3040
3463
4475
2741
1525
7722
922
2496
9134
9023
4845
468
8672
8375
3647
607
6636
8061
8770
7963
598
4213
7812
6431
4742
9208
8465
7639
3070
2927
730
2866
6430
2382
9157
9963
6709
3219
3093
379
9449
447
1323
1820
361
2357
605
5953
6544
2208
3414
3892
2188
1210
7790
9520
1872
7802
7819
2752
2935
2317
583
7255
3883
1576
1781
898
6901
8029
1103
5578
5461
1213
3249
879
1700
5693
1819
2642
3927
3259
1059
1377
199
147
7897
8377
8751
445
3439
6134
166
4777
9561
783
7598
3710
5313
9920
1628
63
7711
6935
537
8336
8839
2883
3016
2823
3858
858
2585
8006
7825
5787
3949
6792
3935
1027
6731
4666
4775
3171
1267
3452
5351
1969
5745
4168
3491
3390
2771
9106
4525
6121
622
1552
467
6130
2527
1132
9369
9153
590
1496
1225
1704
647
7714
5016
8326
9740
3480
5435
3998
629
8893
7257
6631
5226
4893
1443
1349
98
6813
8161
408
3789
7158
2975
7059
5263
1572
6008
1680
3677
7034
1234
2930
7085
5193
795
3962
2137
928
5953
9663
4997
3525
9592
1720
7218
8853
5687
8587
5729
7785
4084
9900
6220
2474
8130
4094
6913
3574
280
2653
2928
7251
1988
9711
711
612
7008
1688
2556
4842
3795
429
3467
5484
8283
1484
8865
42
7977
6346
4136
1262
8301
300
8995
5844
9093
2107
1053
8443
2000
1889
7085
4732
4552
8745
8557
8299
7167
6390
8363
1309
6120
5778
8559
2009
1498
5771
8814
705
4225
9545
4911
8355
1829
4610
236
1098
1487
7953
5307
9355
3225
3733
1933
1389
5221
1478
5542
1688
865
254
2895
209
4249
9941
4073
4981
3485
29
1683
4117
37
7855
8301
7584
67
6966
4029
5863
632
2170
722
9661
393
1968
6456
157
3379
3040
8939
7153
8237
8294
3760
9680
1965
5294
0
3687
4573
7002
9126
7339
5183
7398
4139
7646
7887
1566
1503
4321
472
4510
699
7353
4954
9369
3909
6693
9179
7774
1140
7406
2731
1128
69
8879
1676
8965
5917
360
2865
570
6000
8462
3590
741
4609
6341
4545
9907
4218
6144
7416
2243
991
7832
8899
9850
9054
8748
1395
9240
2425
872
5571
7739
1368
7993
1022
7298
9288
799
7010
1909
8665
1060
7187
9668
2551
4412
1538
157
774
2030
7567
5250
8004
8370
3069
7386
9849
4027
8502
214
2658
5079
6830
8871
7007
3764
1804
7550
4393
3749
4502
564
2216
8037
989
7947
3156
1708
1977
9476
2971
928
8422
6467
7730
6414
8847
4320
8527
9561
8665
9920
9590
498
1588
9171
9539
2888
9981
7263
1704
5362
7847
3373
6023
5019
780
258
3970
1020
8447
1697
6880
1121
7171
6974
8515
6821
2625
7526
6056
7871
1446
6798
6095
3937
3771
585
5788
4158
3977
9358
5740
6429
8397
8313
2652
6955
8200
1569
423
4245
7914
2410
4542
6374
704
2604
9357
782
2412
7779
2140
8036
6100
8504
7395
7917
7853
6192
8545
1854
6377
7044
1679
9614
2510
657
1712
8751
7354
2224
300
3455
2356
1113
5037
8714
69
5635
1609
738
1222
383
754
1857
4347
1910
3835
4062
6081
832
2108
8511
9460
4439
9815
526
2628
1275
3243
7407
2041
7319
6505
8129
2597
1828
7877
6723
3240
4797
1743
7160
922
1778
6307
3230
9300
4801
3646
4172
6784
481
9507
3226
6898
4881
2797
1109
4503
3873
4325
5411
222
3935
9829
6851
1699
9717
9614
7241
5123
800
1351
1769
8381
2932
3016
6002
998
8015
7414
1918
1600
6715
2511
582
7596
3688
8392
1786
4429
7754
773
6274
6783
62
650
1151
4344
4466
9999
8133
3086
806
1609
5389
9321
5950
8295
3350
1946
5001
8073
1148
2715
8407
9928
4492
1849
2630
9490
6550
2016
2285
4373
1764
774
5677
9998
7194
2987
9669
5826
8287
5887
1190
7116
6251
7237
2998
1064
1169
3270
9496
6448
7583
89
27
8230
1587
6881
9922
1329
2337
184
5204
1179
2978
6475
9973
5722
3023
629
3445
4317
7614
9216
4775
9290
4460
8937
1845
8981
4684
1332
6146
5715
7119
2529
1648
3696
9524
9613
5763
7038
3490
6859
8774
3216
6500
9556
1356
6326
4084
9117
2282
2505
7051
1224
3603
7433
295
4542
3092
3972
4606
6652
4353
9706
7523
2155
6175
5807
2519
6660
4035
4865
3457
8819
9163
4011
4401
2619
1916
5434
8769
2539
2732
621
8557
1456
1697
8738
1445
7483
4633
1166
5440
6676
7195
9069
3971
3327
3806
8316
3043
6030
6137
5410
8631
6151
9835
5830
850
5192
8492
6253
9039
6600
9715
403
5117
9151
6761
7212
7469
6200
8269
7195
9946
3014
4202
2339
1817
4790
8647
940
4593
5428
8845
4393
7276
9488
9854
2439
5502
2033
1603
2648
2566
4778
5447
5089
7970
3245
5715
289
8104
750
3097
2963
1907
2505
2421
405
2747
7527
9328
7674
8920
2252
9223
2653
2295
4468
8348
6344
6270
3760
987
8067
1661
3867
512
1120
4917
4067
7463
7751
2190
6196
1044
2574
1668
3382
9812
7579
4161
1370
83
5709
1569
8064
8015
6152
9537
1118
2813
8783
4857
3452
8363
3846
7740
1203
1094
1976
2014
7175
7357
6199
1510
6450
6869
4403
2292
804
783
2221
5332
3928
6279
6508
1875
8584
9645
5968
1185
4467
3577
2500
6760
3886
9131
6441
7933
7433
5137
7105
804
6755
4429
8425
9720
433
6470
5563
3404
6859
7262
3347
171
8887
5043
3040
4663
4763
6058
2765
2368
2861
8265
6209
2963
9229
7907
1892
5701
3749
7258
7459
4928
9455
5231
1269
654
5912
270
1903
5651
6100
2089
2324
2768
482
4641
1473
5780
1713
2876
633
2854
5187
5635
2893
8241
6113
4059
9662
223
7423
9367
2725
7977
6082
7228
7763
7245
5663
4293
8004
5170
4469
7320
8410
6312
718
632
2247
7635
3170
2172
475
7050
6413
1744
4271
5627
2562
5099
3264
9777
6272
3441
1328
2872
9908
9866
7754
5376
1310
2931
2725
7424
4840
9763
7675
4173
453
2480
7306
5356
6407
771
3850
4004
2052
1017
8032
7480
1833
6059
2402
51
8655
5361
3196
5252
2829
9043
3443
2797
5022
7872
5353
7830
5317
4370
9616
7127
1086
1409
1793
6166
9015
6407
1903
2942
5391
708
6136
3345
8573
2884
828
1374
3476
2765
6993
86
4742
2637
454
4668
6742
6404
4983
3900
9859
845
6080
590
4562
7011
5126
4474
9354
8802
6434
7725
1334
8139
9279
7629
4358
6268
2950
4250
8488
7199
119
598
1398
2210
1227
790
5263
1415
6680
8633
7658
877
1269
4616
6135
1710
8223
9551
4409
6890
6059
1324
7026
6229
4124
7461
461
3356
8295
1054
6450
1966
1477
5499
3781
1304
8858
1139
4384
3089
4244
6054
2066
7064
4501
6672
1608
6298
7973
622
859
8825
2817
2416
8458
729
1608
992
5081
7741
5976
1571
8970
4273
1477
61
7035
2681
6026
2026
9521
2746
211
1210
6132
3991
2985
6092
90
8864
9999
3470
2312
9206
5566
1556
2166
225
1404
167
3347
2229
8530
2992
2665
1394
957
3350
3233
2780
3300
5476
8330
1771
1388
174
4295
2691
3513
7925
1239
326
4199
2136
4841
9080
1048
6702
2462
8900
9150
722
4545
1614
2538
7150
2997
664
6102
4379
1375
24
6369
5384
7316
4378
5017
41
6227
6178
3533
786
3558
9973
6435
4452
373
4249
3896
4918
5275
3770
4758
8344
7661
1598
779
7749
441
555
5224
7031
2923
2055
502
3055
758
385
912
1700
225
3918
77
9003
559
7158
4076
9273
8836
1424
8326
8982
8772
4683
9646
818
1374
2639
7308
4204
7082
1299
1978
2368
7967
192
4398
4432
9016
6902
9322
1527
9816
4590
5296
6010
9067
6831
458
944
1550
2069
6441
771
9970
4319
5660
4183
1293
4408
2372
2267
18
7032
7685
3550
1826
507
800
2868
2995
2179
1999
9689
2688
3322
1999
8181
1985
4010
8725
368
2300
1328
5467
2343
3660
958
1690
9968
1649
256
5804
5099
9656
1954
706
9226
8445
2752
8643
3586
4142
1758
2198
146
7921
4457
7042
996
7225
2078
6916
9474
725
3561
2210
394
3482
176
8126
9029
4674
5521
5324
1572
6948
329
5367
9068
4230
8663
3680
1988
9985
2321
9145
2348
2596
1557
3473
7344
1548
1714
5649
8445
7234
7880
4135
3492
5316
1453
5792
4941
3993
1986
5468
1357
1695
7558
7500
3771
8056
6425
6783
8111
5829
5075
6334
9532
9648
7397
3924
3056
2256
1968
5970
5722
3625
4310
1058
379
6659
8798
8090
608
157
651
6963
2607
1472
6335
4443
591
1880
668
3944
9405
3057
2363
5998
5965
14
1201
610
302
7200
1951
8736
9072
5860
2089
5146
9978
14
1817
3314
1655
8950
8964
4587
9809
4400
2189
6730
6738
1200
5241
1810
5190
829
1059
9105
6933
6021
1409
9173
1423
7537
9143
2467
8984
9595
5210
9225
7543
3965
5719
5106
266
9244
9125
6538
3164
1909
6249
1939
8746
4599
8745
3847
4962
7153
1938
2590
8748
4157
2909
4835
3405
7741
1088
2722
9738
181
5810
5701
8507
409
8545
2000
4112
7912
1479
7833
1976
1513
2473
844
1407
5893
690
1405
87
2278
3072
431
5979
6142
8110
709
3408
2827
5394
6567
2173
9898
3543
2103
5709
1785
1165
2341
194
8753
6656
4144
188
8500
3191
1261
3306
5827
2573
957
4880
835
5365
2570
6986
2321
2026
9490
464
1124
805
7032
7082
2418
1747
1079
9398
1077
4517
3208
999
4191
3433
3494
7456
8700
5257
6976
1282
9304
2339
4095
2755
9697
5321
7688
1152
8269
5498
1764
8243
8735
3361
3118
4584
3878
5740
5933
8925
4582
672
4883
40
4651
5338
9029
4238
6795
6665
4972
432
8156
4379
1994
4536
1814
2277
3201
8886
954
1975
6001
596
612
4702
865
3056
4572
7292
1248
6587
1907
8997
1916
9085
9180
2348
9011
2235
2473
2702
4808
2412
3912
604
2024
8457
3453
8399
797
8851
7041
5191
259
6009
2251
9301
5049
1897
7263
1849
570
9319
436
1694
364
6461
9291
885
1289
9490
4268
7024
6477
4365
5027
1072
63
7387
1419
1456
5364
3504
7353
2564
479
7611
6925
7228
3645
1532
6100
2381
4257
3162
1938
2098
2251
1520
654
9359
7135
1449
8494
3350
1475
9996
4117
590
952
1609
3066
2049
1597
3556
7946
5188
2192
3169
3985
8620
1671
3409
4933
5535
558
9868
2116
5305
3873
9104
8639
5392
7405
3736
4774
1002
34
8496
9030
414
9115
6040
1825
840
1857
3512
733
4449
1581
627
6095
9214
109
9999
4537
4407
4537
3060
3826
315
1958
7842
5541
7522
8074
1080
3277
2131
9425
5618
703
8248
1328
243
1672
6863
8312
8900
2857
9873
9949
9803
6464
7576
1448
2031
2617
4077
217
8234
7700
6192
5809
7393
5049
1804
239
1153
249
1721
4586
2602
3607
3780
2254
3952
7128
6444
3562
3503
8390
2974
5417
7919
6075
5108
4144
6792
6572
6073
2904
3832
2147
2064
2395
1202
8850
742
117
3498
2485
356
259
4479
8071
3146
8911
1543
6024
7049
15
2129
2797
1711
9530
2375
4760
1576
924
9827
2426
1139
1324
163
4422
2659
8492
5440
4488
7751
6273
5067
4550
5917
7157
7305
1350
8930
3433
9265
9504
668
510
6147
4005
8796
6181
6908
2896
8510
3253
4935
6971
2003
3790
4950
6790
8305
1308
8369
7508
1001
5166
4686
2630
7418
4727
8161
8700
8468
3077
774
9256
3199
2160
6877
6870
7853
8853
8197
1402
4109
8564
9709
2856
2305
3734
551
3129
2163
5091
973
9308
643
5603
6888
5148
3940
1155
5151
1233
8
2987
2669
281
7833
813
503
408
4490
1680
332
4510
3869
8559
9997
2424
7670
5244
6734
9561
7455
56
8030
6523
509
4279
9780
6608
164
8895
1866
9758
6551
658
5119
8123
7826
6589
391
3332
3531
1152
9270
9764
6118
3678
8206
484
2936
9223
5140
1054
3006
5157
2569
2710
880
7475
7176
7595
5296
6373
3995
7546
4775
404
6771
4404
4802
40
2008
1281
6248
1643
5613
9717
2016
331
2232
6002
2160
4464
353
350
473
3616
4184
5591
1250
2127
1996
6468
5217
3515
7178
9261
3345
8263
2610
8526
5985
8757
3536
6824
361
4346
2905
1304
8323
9197
3764
9340
8615
4880
6060
9043
9878
4626
723
9813
5868
1987
105
2131
336
8986
6381
9264
4606
6020
7796
3200
5895
9070
9720
9456
8343
3876
1026
3702
7399
9691
5514
6090
9251
2268
8894
3733
8543
8882
5522
6952
9894
6999
6471
2337
9428
7417
9295
8842
8420
7187
4896
4450
4652
505
3559
2833
6344
1667
5566
2166
8900
7198
5681
6002
238
2479
4590
7098
6619
3050
1244
1049
473
8386
6237
9845
8564
3250
166
6211
29
6555
1118
1613
744
2399
1845
5843
2501
2573
8456
2496
850
1374
1794
5758
2495
320
6293
9596
2625
8064
6041
303
3963
797
9188
3495
2186
8587
7035
6516
4960
9574
5543
1800
9955
7287
4092
5999
5863
1036
7334
9340
4105
3378
6869
8965
621
1878
90
531
2379
3597
1858
4306
3173
4001
9747
5440
7565
5341
661
4596
2421
9578
195
972
902
9211
4673
3276
228
3845
8945
6819
2354
4804
4945
8928
2898
9434
5638
9749
5600
8057
1663
651
128
115
2515
5607
4805
8624
8365
6683
8067
6720
6201
95
3335
8177
5151
1810
1382
5683
4672
3436
9347
7050
3854
342
7893
2084
1073
2108
3768
5820
3911
2785
531
846
1195
4
9610
5052
5722
4242
9540
4576
4866
3451
1536
1235
3644
5434
6019
6349
1611
2703
7205
1949
2453
3135
2318
6812
866
6847
9499
1070
9155
2156
373
1321
2436
5183
2212
2744
2101
127
927
770
4901
6936
8151
1399
4832
2138
53
762
428
1445
881
1141
7854
8628
7637
2954
9666
2679
2705
5654
7898
8837
3792
6251
4758
8241
2283
5790
2357
1357
5532
1885
4123
3148
8662
421
3348
2381
1379
6195
7497
5333
2622
9466
5424
7835
8994
501
9528
9930
1666
1229
4437
5363
4139
8237
4088
5121
5719
2548
3443
2945
3107
3018
6060
1841
1379
6023
384
8008
7109
5041
8298
9511
1347
500
2628
3167
749
3494
4381
3938
7494
2651
9627
8430
9518
9463
995
4008
2320
7347
9495
8533
8156
5458
575
5007
7448
5731
3691
565
5267
4809
1256
3508
2202
2090
1345
5029
9246
4933
1096
1655
4133
6280
7045
1663
8945
2769
686
4700
4718
3251
3976
1456
3327
2843
477
716
3612
275
974
8523
4165
902
1130
1859
9770
821
1088
2455
7277
9098
114
2272
8360
9980
6827
1148
3420
578
1314
2007
5609
363
1375
9210
8789
1165
445
7586
6679
9117
6496
7283
7491
5534
8394
5180
395
6477
4089
6940
4083
925
354
3829
7013
350
7364
4368
5927
5972
7366
6817
3290
1989
1667
1756
8388
1538
9800
7544
1824
458
5546
1940
9221
4347
2621
1863
8788
5882
835
8604
886
469
2609
4910
838
9960
841
5728
362
8845
9043
561
6119
7399
8621
5981
5189
192
805
5831
1521
2305
4436
1750
1475
2563
3565
6381
5263
4596
5606
5568
2591
2908
9543
1876
9569
5648
7697
2102
5373
9750
113
751
3594
8442
2564
7398
4241
1248
4829
8230
6609
7564
501
129
3893
3295
2850
3749
7427
6914
6475
7343
8855
5768
3995
9934
9616
2991
9397
1753
3288
4359
5591
2675
9737
1862
3777
2285
1502
5643
3415
3837
7992
1713
2101
8494
9795
9238
5044
5064
4024
3101
2538
369
3012
1698
6214
2068
4681
6300
8428
5409
1187
7927
4061
2165
4174
6978
4636
12
454
502
9980
9524
2175
665
5854
4116
8950
978
1049
3661
1095
462
5610
783
384
1233
5551
4575
8534
1393
1071
7959
4295
3600
4285
1134
7664
776
236
7946
8255
7004
8116
1012
1260
4604
2165
9499
3108
4217
7484
7260
278
9498
6836
1648
9970
1727
1535
7062
6077
52
1861
8450
890
9640
2428
4806
2726
2814
9465
4848
8515
4211
3286
4564
4648
2450
9701
5772
3238
2549
7299
8589
3278
2220
5616
7420
9985
6722
3870
2449
2280
8334
3591
1162
1862
9432
6533
6179
5786
317
2236
1941
4057
9077
1131
4221
107
4626
3683
9294
3989
6379
9158
921
5703
4907
5141
556
3399
3812
1363
8664
2174
1031
8381
1768
8385
5944
7582
4335
7795
317
2253
9073
2457
904
9162
101
8238
294
2058
7817
4759
4006
8063
9143
2154
7038
1323
9367
4091
1242
2998
8020
9159
6135
8302
2867
2549
5568
2895
8897
841
278
5940
1325
9435
4117
2300
5638
2471
1812
2096
4326
5862
4381
1955
7615
1133
9598
2171
4629
693
9615
9632
2300
6699
1446
7523
6755
1192
4279
8273
34
4308
1935
1815
704
8231
5491
5640
2040
3536
1349
3789
7660
5129
3271
653
2314
3978
2307
5645
9582
2749
7418
2297
2137
3858
7963
2931
9889
4836
406
315
3993
3180
1298
8353
7842
5765
9692
3383
3825
8831
7041
6458
4659
1304
1565
4146
6991
6551
1925
9032
3323
4555
2722
6664
4242
2532
5423
5207
1188
5984
166
4103
4798
8041
4805
3352
8603
8173
3734
7137
1595
286
5759
4911
788
2346
3576
4301
8710
1390
5643
5109
2947
9623
1489
278
7567
7449
602
6055
964
820
2124
6586
2553
2307
3169
2868
5780
807
2522
1453
6493
9892
345
4979
6742
969
4893
388
616
22
4927
3211
4175
2377
7565
3626
9912
8938
3476
8202
1994
280
8275
6591
7907
9458
8606
1215
3556
8235
544
4451
208
3544
677
6287
1841
796
71
9087
860
646
7207
8163
7957
1993
8846
1837
9622
4621
2757
2632
8444
6212
1890
5883
2051
8575
2067
6494
1348
1473
2944
2733
4971
1668
5372
3946
637
7435
4940
8951
3674
8760
6956
5813
1104
4096
2190
6375
5584
6027
1428
9658
6949
5216
6896
5337
2257
1568
474
7836
2730
7985
4450
9232
9094
5823
3478
2397
6307
5710
8758
8708
6602
9923
1846
1336
1189
3524
5732
9951
5534
9213
1210
9544
8298
340
7878
8767
3574
8719
5017
2622
9904
9988
7677
9831
1434
2097
6619
1568
7258
6893
3131
1725
7733
831
8284
7092
4414
4334
1031
8845
2217
3065
2559
9113
213
1080
3468
9093
7129
4834
2857
4799
5838
3376
362
2280
4158
4946
9618
2410
6059
8705
4788
8779
5698
2708
9720
7539
6674
7031
2000
2282
8920
377
4667
8982
7341
8916
5722
9412
1826
3091
5426
1029
4890
3263
9825
1739
9978
1658
3268
6899
2204
3616
2808
2517
2442
682
32
5386
8025
1333
4903
8590
547
5699
5462
2486
6794
1777
6280
7460
2650
5032
124
7304
2814
3975
4042
8009
4918
7889
5402
8036
2119
547
6929
228
8756
7177
2909
1604
988
3410
6660
1809
7011
1953
7144
2290
7077
4037
4669
8380
7896
3963
3086
5105
3362
9058
3341
5530
2779
3823
9817
2613
9156
9331
933
7680
4904
4682
2471
8182
2242
4180
1006
5081
1535
4890
7880
3778
6389
4825
2
9189
868
7091
7489
6936
1676
5735
3169
1685
8976
8013
9052
2909
3594
7318
4798
8672
2766
6819
7110
3675
2627
5477
2335
6193
655
8629
7343
4429
7090
4182
2048
7078
6487
8919
4173
1860
7062
5981
1327
2962
3933
1841
9914
533
5409
8310
5313
8252
1999
7277
3953
9353
8215
1116
7389
3103
1452
9052
1173
1675
4005
4130
156
6648
4680
2321
3786
8894
1287
8222
3504
491
8619
9524
2410
7045
8737
2553
9929
7806
1106
9809
1634
3048
6471
4129
8033
1179
4317
8710
2050
9510
3349
8679
7105
1602
1455
7464
5712
1917
3048
7329
7737
1110
2849
8111
821
6100
7410
9513
2909
8891
831
3765
7519
3617
9018
3996
8483
4894
2954
4683
3085
2947
3802
9980
6950
5821
596
2884
2535
4762
2432
158
9957
5227
6983
3016
931
1306
2189
5100
1940
7710
767
9635
4945
5404
2713
9413
842
8896
1611
9651
7200
2493
8205
472
9938
593
7504
9949
1110
5052
7527
4477
5675
8963
6390
6953
8956
8368
5226
9980
4295
7868
1049
6897
1519
2080
8571
8292
5104
5240
7849
1894
7745
746
6325
3509
5902
9077
7050
91
7030
6972
9509
5574
1058
7541
8053
8232
3688
2942
6671
5728
2367
4848
2357
1705
3587
38
1768
7761
5307
7855
9771
9756
2345
7490
7626
4426
9794
4610
2955
3111
7391
7426
323
5185
9091
6362
6732
7999
1582
11
5302
5904
6433
7072
4220
1970
6227
4997
4408
8628
1684
844
8794
9950
128
1838
5732
5007
1686
5167
5018
8871
8025
9877
536
5958
8950
5466
7732
2997
8903
5584
2358
516
3592
2068
8405
2275
3257
2630
1060
3685
8515
184
6876
6482
3422
3926
1196
6252
4001
597
815
68
3499
3278
7645
830
1091
9532
2436
2802
2347
8388
7704
4324
4363
4773
2760
8966
2763
705
3219
7708
6271
2027
4827
1729
1594
4913
7033
8377
2589
3691
5698
7766
7119
5908
4377
879
2161
3417
2772
7053
5650
3712
9203
3000
1617
299
3982
9522
6033
9709
1006
6386
2242
4396
5695
8132
7213
1447
7652
8046
4576
9114
3868
7558
6459
8768
2084
1938
8394
3848
1213
3760
8516
635
6111
4200
579
5629
1005
5951
1397
6690
2539
7389
6066
5492
1374
3729
9887
3970
7156
1139
3283
3402
68
8938
2296
6649
4582
3520
8372
2194
6309
994
9384
3726
4612
4796
1593
5156
1616
6933
7613
6954
4564
375
3576
5386
1538
9394
9656
9479
6577
2752
1614
1570
2354
8700
6910
8136
7080
7119
8568
2767
4390
9660
968
1345
587
5341
123
679
1372
140
483
6826
6289
8678
1884
1558
4707
1597
6368
4929
3875
4430
7592
9434
9327
6467
9621
69
17
3449
574
6214
7864
9028
4714
107
4075
8369
9520
3103
1915
9916
4541
3661
3848
4852
1526
6130
4407
1340
303
2134
3939
2467
1595
8524
130
7462
180
7543
5225
9668
1101
6127
6914
5667
5271
421
4812
8401
2721
6276
2660
2365
292
8600
7539
663
8157
1396
3016
9062
1548
7326
1352
1304
1885
2237
7219
2511
9844
2214
1464
2154
6447
739
7804
4513
1559
6486
9463
870
551
1453
9103
4728
2511
5510
7354
4329
1483
1524
7917
1426
5088
4370
4858
2902
4615
4152
6362
9733
4142
3996
9959
962
6330
2922
7342
566
6769
5223
1619
5958
6184
8994
53
7075
4712
349
7443
8817
166
859
2575
9002
1251
4314
130
2899
2753
9714
6640
5616
1799
3822
3326
900
4519
2955
5649
1659
7294
111
1800
7531
684
6669
2093
6775
6373
9029
4424
5239
9687
2849
3765
5189
3565
7533
9767
6153
9923
1782
7676
9479
1354
887
3875
5991
8206
5759
620
3990
1031
5655
4687
1435
4701
5187
2351
5101
1247
9560
6304
4995
646
1117
8807
3451
1525
2660
8833
6735
2100
5082
9639
708
6238
941
848
3941
6935
3662
1767
3825
1842
4615
191
2736
2305
1599
2340
5083
6286
2667
3556
7629
8762
6695
5566
84
6133
2118
3785
7932
7613
54
6008
9823
2458
7992
412
1669
2601
863
843
258
3399
3542
6848
7409
4386
8662
7507
891
8250
104
8043
7437
2109
5257
7984
9752
5427
1052
774
9482
5447
3476
6343
1870
1991
1537
8432
8079
2222
1738
8447
7987
2576
7245
2891
1718
6950
2707
3220
2292
7099
183
6861
5163
2181
7112
551
7183
7880
1165
2880
336
4167
5065
5212
7498
13
3168
4930
2988
700
8072
187
1771
9444
1555
9014
7303
3893
8540
4320
813
8760
6704
2962
7999
4523
7215
8299
9938
6236
722
111
8662
232
880
6032
5723
1508
7196
4093
6498
5292
753
3288
4737
6650
8865
4540
6092
4233
73
1726
1888
8970
25
67
5121
8103
692
2339
1175
9206
707
9404
9076
5217
5454
9994
5625
7428
1725
8102
6858
8374
3612
9981
7311
43
1518
1250
925
9337
5859
5206
3780
3897
3229
7751
2153
5937
7311
8791
4119
2544
359
4622
5410
7513
2430
4371
6349
4692
3117
2231
1532
4673
2354
8578
1052
1439
6723
626
3858
5692
7394
4001
4817
3981
1490
5286
3936
0
1481
2623
363
2432
3783
6558
3480
1705
7318
1441
8173
1725
1522
2519
5505
6807
90
5167
2048
2461
1639
2771
1699
4907
2509
1733
6159
1166
7169
7177
4524
781
2250
9348
8793
2095
9498
5699
2782
9193
8574
7870
8675
1223
8116
862
1903
2510
4573
4685
4755
2399
4451
3022
9400
942
7517
4269
4566
595
4721
1015
1655
497
6073
5021
9435
725
889
6693
2029
9265
9295
7026
1029
9082
2332
1621
5840
1871
3730
7075
9229
347
5439
873
9433
8413
9529
6318
9630
1685
6858
7928
7815
2641
9583
1778
9607
9018
1291
3884
9147
6329
7217
9427
1245
5470
7393
8851
1642
7330
4594
1130
5590
8602
2066
9982
7951
1519
4138
3138
6543
5356
4550
9365
9174
8600
5747
9532
2231
3637
601
8545
4049
4376
4715
7835
929
6522
7548
768
5623
4750
7141
649
9558
964
1125
9237
320
6813
8808
528
7793
5728
2555
7541
3882
413
6014
1506
3058
8288
9738
6107
7560
823
1574
8321
8987
2648
2533
9749
2237
6813
450
8280
6918
5505
7663
6148
1125
4272
2874
368
7004
3961
3889
6064
6541
6935
5399
4236
671
7105
648
1698
5254
7135
4985
5806
5458
222
4179
633
6230
1317
6546
7215
9052
729
7753
693
4167
3454
8616
2315
5097
4415
5361
5471
966
4911
1863
4802
2024
1265
3528
4607
9157
965
6781
217
446
4357
1503
5188
489
3951
6556
8423
177
4947
1258
7008
9692
3503
7420
9336
8590
5721
2035
3225
189
1741
8006
6365
8596
680
2372
9353
7739
6788
3433
4794
6887
4436
5616
6574
5422
5523
1785
8951
110
6904
3531
8923
7166
9757
843
4943
2373
5248
9998
6486
3690
6105
1067
7092
3003
8461
2196
9080
1458
4195
1590
1626
549
8581
3119
3184
2349
6425
8176
9159
8729
2384
3716
4432
2500
1598
5088
1497
3092
9100
9130
6574
7397
2875
8463
6768
7925
7530
3503
9397
9985
3433
4236
2271
2800
878
1636
2033
7342
7704
1850
9952
4284
3139
4748
3991
6358
9068
6528
9133
4069
2117
336
4506
1990
9274
9481
184
8874
1237
6126
7303
1135
1567
2834
2675
7840
4152
2582
5370
153
2761
5263
9
2317
9656
5052
9446
315
1789
7878
5763
382
3410
8
993
4597
4879
5282
2676
6962
7207
2617
2262
8550
3549
5185
6558
2701
1035
2861
6834
2518
4581
3814
2394
3974
3929
6843
2343
7933
2809
7560
916
1017
2525
1098
2604
3258
1618
5505
1196
8902
1800
4855
666
5709
2219
2032
8183
15
1823
8706
2529
7085
2338
312
6876
5998
2220
3361
1153
1987
1994
3102
6359
2253
1580
7581
9442
6301
2075
591
7705
5932
2879
7440
300
1916
0
456
5126
9711
1084
9069
9951
6790
9256
2204
7605
7965
8458
1640
1277
1701
7095
2209
5476
3202
360
8921
4699
2966
1186
2227
7474
3197
7046
1533
6947
9083
7206
8784
8275
2851
7657
9461
6293
5482
9217
3275
6512
2283
9147
1430
7809
5515
983
7225
6660
8576
5689
1143
6799
1710
9006
2902
6319
370
9635
9318
5016
9410
6499
3377
9063
564
3583
3651
5674
6223
5683
1324
3298
1424
1223
1811
8
1085
6115
5133
4382
8687
358
5759
8327
203
5177
3584
8905
1025
4719
8466
5842
8777
1200
1843
2233
4043
2406
6431
4678
8526
2776
2184
9285
6228
5893
120
1287
5284
5603
326
890
1143
8665
840
8794
8102
2761
4344
2135
500
7874
442
457
9513
1445
5357
3073
2846
9174
3615
5746
6656
6966
166
8032
367
5871
9181
3064
8662
7679
1835
48
1920
6408
5483
7408
5976
1639
2663
1761
5265
3412
3269
9589
5928
2489
807
2952
9367
4903
2046
2085
8556
7077
8687
1948
345
7067
3913
2610
6524
158
8869
5193
7058
5356
4271
306
9144
2346
3428
9616
1858
7148
460
8127
1551
3014
6954
1013
8829
7648
2354
9991
1385
7055
8571
6751
2730
2434
9189
9661
7855
8745
2508
4044
3733
6013
5581
5015
9373
7772
3400
7003
2414
868
1015
7886
3591
8514
7198
9712
6519
3131
660
3761
1521
8730
817
3171
2458
8123
6440
882
853
1497
5703
6561
881
5923
8812
1527
4881
3155
2282
9610
1900
626
6029
7610
4006
2374
2347
4818
8863
2414
9643
1850
1787
9056
8298
784
7297
1792
891
9864
5704
9892
7118
8785
1343
3061
4389
2298
5867
1625
6115
8134
5350
1215
2086
2972
5670
7562
615
5409
4044
8690
4704
6874
4222
1799
5757
6941
2312
5367
7717
4359
9038
3922
4523
2835
2485
2444
6528
2873
8979
8660
6651
2118
8931
3394
6796
2107
3437
7702
2093
8344
6918
494
3338
1146
2852
6920
3651
5074
3701
3977
6959
7352
1169
5309
3091
8608
5580
5057
4932
6796
7312
4860
7513
3346
3339
2197
6020
4543
6917
1537
7043
6556
6869
6796
8530
6672
8148
8426
1539
6391
7730
9790
8609
7682
9927
9819
8177
6542
3661
3386
329
4537
8716
1483
4198
5218
7638
5854
2185
9505
1093
4628
369
6295
1649
834
8751
9623
1494
983
9158
8181
3493
2638
1986
2189
4058
8342
1466
3159
895
5887
2777
7962
4718
3831
2377
8911
6492
2407
5969
376
1237
8728
1617
1584
3538
1817
1802
324
7330
7141
2580
1043
5688
7697
6362
6338
4289
2420
361
5522
1513
2522
2281
1398
3295
634
7899
6144
1861
7558
9076
236
6300
2402
7736
9759
1488
7689
3739
1569
5472
3501
9124
585
9074
7806
5875
8055
7796
3181
1364
4008
8117
289
8180
3333
4405
202
2947
7486
4074
9588
1467
1861
1684
9341
320
4237
1748
3434
1641
309
489
87
9678
1263
6778
7311
4610
2199
971
6875
1155
9536
602
1085
5296
1952
7225
8736
2650
1279
3521
4440
9662
9420
2004
8352
8369
6209
7860
4
8077
3192
6163
9275
2540
5310
1994
7594
3218
7783
9422
405
1055
6338
4463
2150
2245
6830
7379
2019
6776
3645
8963
7868
5668
9544
6628
6130
2755
180
4505
1550
7710
3795
9959
8561
1715
3805
745
471
601
3521
7973
4722
9792
1959
798
5620
8668
2776
6940
2029
6964
9552
6457
6054
5285
258
3068
1724
61
3964
9196
2034
5157
9853
1325
7792
4782
5605
4655
4800
6687
5052
7896
4203
7965
1718
766
8975
2461
8756
2730
9252
7798
7278
7657
2223
5339
4817
6357
6534
439
8691
2275
5846
4361
6031
6158
1937
2258
7341
8180
2636
2429
4944
9679
2808
6351
7015
1127
4590
8079
5132
2486
369
2967
113
9821
8335
3675
7869
5205
2616
9754
3265
4152
7186
4755
2223
2336
6620
6538
4493
5840
306
5339
9926
3027
5153
7597
2562
1473
1883
2699
264
5929
7180
6335
7425
3035
9550
9168
990
4773
1610
2974
2668
833
3456
6795
4183
4189
4281
188
5853
523
2875
5648
1957
1322
5437
4528
8080
4229
4540
56
1134
4762
8301
6405
1892
221
5299
8944
2685
7742
275
5242
9662
3928
791
4728
2894
2492
8016
3185
2454
717
4143
7380
8854
5469
2981
4608
7672
7417
3914
2143
4424
1600
3003
9090
9508
4362
9287
1155
6689
2166
493
9111
8623
7876
6830
3826
3501
7236
7736
1840
2479
6671
6646
5585
6431
7285
2226
9940
4915
1894
1164
279
6510
3813
2912
4942
4040
6809
8419
514
2594
6390
4798
3468
3397
7181
718
386
8075
7631
6778
8177
817
5303
7191
9101
9130
568
2730
7268
2231
5812
3420
201
5158
5216
4770
6384
2569
1748
1101
7221
5225
9671
9774
8450
2218
1946
7567
3424
8384
4868
8063
6094
3970
8062
8556
2256
6623
2800
1941
746
5358
1228
6544
8045
3370
8840
442
1552
8254
3426
1709
5267
797
3248
2663
4992
2789
5109
6761
6820
357
1051
2396
6892
8988
4765
2251
8707
9972
8979
4125
7467
7808
4724
673
1594
2769
1399
9680
4919
2031
4459
4429
6901
7990
7576
5824
9743
9967
5205
3651
7172
6849
5804
2940
3750
3463
8058
1293
2061
7171
2251
4200
5330
9171
4022
6375
6264
7444
1588
9051
1133
8149
4759
3875
8162
6877
6793
6736
1223
8078
834
5094
9339
412
6895
5206
2786
1065
655
7434
2488
5907
511
4976
3476
9585
4136
4026
193
8410
87
5781
2249
4166
2606
8937
579
2761
7018
2464
2591
7533
8965
6683
4735
526
6844
8129
9224
3244
867
6697
3945
797
871
3307
7388
9730
2916
9970
9770
843
1256
2212
2196
956
1880
4469
7775
2338
3587
728
2720
4817
3860
2744
5800
832
7387
1926
8465
1992
2605
5540
8650
6152
4123
2241
2720
3596
9345
6518
7950
2383
8672
273
2309
7167
8222
6831
559
6464
1052
4368
1281
1428
8152
1877
3232
201
6708
5773
549
915
9847
225
9843
7676
3043
8876
7000
1257
9702
255
5939
4831
5125
9780
4101
4758
6710
3889
1835
1228
4877
3039
3659
477
4537
5884
8748
594
9439
5662
155
3095
2168
7449
6252
770
6855
3731
7933
560
333
6501
8737
1378
2624
8436
956
4537
1417
2242
9994
6877
8046
7055
9877
84
1312
835
5095
4737
2197
9936
2140
5995
1976
948
8699
7760
3999
9677
7863
9898
1485
9312
9601
5984
9625
3531
8129
2320
320
4457
4453
5052
7223
4614
4600
8914
9603
1540
8806
6752
812
7597
463
9320
1743
426
731
672
2131
9171
6541
3742
7934
4248
43
5698
3801
239
6588
4468
1457
143
5651
5391
8288
733
9900
4478
3371
1541
1908
7687
2029
9995
2029
1621
5077
9858
9682
8458
5355
5325
5592
7108
56
2836
902
2799
2038
6089
6407
8956
166
2108
7821
6161
6337
8316
2488
2064
2177
5887
2983
8284
113
835
5614
1994
2882
885
1144
1461
2527
6371
6815
1092
3827
877
5739
3727
7674
3729
5063
6000
5685
4664
3450
2551
5682
8154
948
3041
5644
5593
8871
681
5774
4477
7401
7311
8894
491
7271
2489
7880
124
3883
1799
8055
2907
1905
7387
3259
927
7447
1897
4552
3626
6051
4987
7084
625
2345
6552
8995
5949
4669
2246
3406
4865
8214
525
5217
6092
2932
4046
8700
2289
644
1412
1613
6662
7777
1306
6099
3339
317
1790
8902
3547
160
5284
517
6759
4543
2285
288
8209
4801
8969
9384
1062
3518
667
4019
6608
2330
29
3188
923
2817
5428
4507
9686
5522
8244
8873
6204
609
7527
935
7716
4104
9418
5175
7173
1117
1545
410
5134
6410
4844
6531
7253
1721
4545
3069
9695
5150
1261
5993
4736
6298
2653
8506
2722
2797
9586
4549
9883
2668
876
8450
8154
1699
5830
3928
7603
284
7875
5849
8220
7665
9718
9657
2742
7566
6744
7429
4512
4875
1030
6513
2024
8857
4137
2051
8020
1050
4715
9774
2624
9941
310
4849
8392
554
2655
7170
1673
9364
3667
5925
3235
6061
8672
17
4721
8742
695
6068
8956
6007
6785
5062
3437
8435
8080
2572
6562
5520
8871
414
7795
6054
5916
6363
3461
4837
3885
6203
2590
1388
6321
22
6378
9047
8177
8083
9966
4809
3143
9715
9659
8538
133
9471
277
2083
4920
6943
837
6936
5294
6012
8347
2036
1095
6520
4360
8667
4281
4317
4219
1260
4854
5892
3659
3398
7169
8007
372
5502
5838
3000
4757
1789
682
8484
6202
2558
8411
1026
2069
7049
3081
3632
5122
793
1486
9984
3594
2725
4457
1247
9
8525
3289
1351
4284
1379
8744
8693
2957
2429
9382
7853
3890
7800
8360
2828
7218
1727
8385
4591
7449
6940
2095
1250
6846
5405
4345
1484
2403
1483
3032
5945
4062
7367
8963
7047
6198
1814
2927
5493
5391
4607
2150
1801
2665
7938
6632
9681
9989
8860
2448
4700
3979
7640
2521
8827
9064
3592
7472
1346
3531
7668
4475
3811
7298
2145
2522
1996
4385
9014
9437
2975
2163
8460
8599
2436
2659
6292
4817
8202
5229
5101
1522
4019
6321
6742
846
2769
744
4945
6444
9963
1226
2264
8492
4997
1295
9092
696
2511
7028
8316
2155
9388
8417
5051
960
5717
8024
3509
7468
8463
2609
7307
2606
811
6180
2861
1110
1469
438
2000
2916
559
167
48
1714
3335
2747
4616
2453
3270
1049
1615
1888
7730
6112
7317
313
438
576
1262
528
824
3080
1438
7709
7868
3996
8406
3657
9767
1817
9166
9088
7495
4844
6820
9398
9105
5167
9764
1144
1786
406
9064
1908
4682
7866
3905
9979
2686
3635
9479
6869
1021
1019
8093
454
4654
8944
5737
9152
6184
906
5491
3241
9657
5711
9403
7566
1803
8259
7456
2361
100
2260
6302
9647
8909
4181
9800
2124
2453
7560
6343
1827
2311
3154
8049
3937
5161
8938
2077
9026
6758
7154
198
8662
1535
1961
2878
5333
8445
5775
789
5008
9690
2507
8298
3930
2753
2378
161
2231
1491
3145
9366
4899
4396
8565
6721
8406
6213
3392
7371
567
8443
4055
1616
7487
3215
4289
8884
2576
8656
4891
7499
9605
3798
4082
5508
8812
6080
7665
4789
6321
2688
5452
8781
2508
3429
1451
1398
3582
5770
459
2586
6296
173
5761
3784
9629
387
2129
4550
5033
5114
9598
2729
6145
1263
3123
2179
2509
6896
369
3660
964
4533
1050
8612
8006
4779
6669
5080
8032
6320
7027
9715
2892
7334
1546
7079
8311
6034
3647
8028
903
1412
7314
6264
6236
3756
7268
815
165
6
12
15
18
25
27
31
31
33
35
35
35
40
40
40
41
42
43
46
49
53
54
55
57
63
63
69
74
75
76
83
83
85
89
101
104
104
108
108
113
117
118
125
127
127
130
132
132
133
138
141
146
153
157
162
162
163
166
169
175
177
178
179
180
183
187
188
189
198
210
211
211
217
218
219
222
224
227
227
230
238
240
241
243
245
252
258
260
261
263
264
266
269
275
278
280
282
283
285
288
290
294
295
297
297
298
299
303
303
305
308
311
312
313
316
323
323
324
331
331
333
336
338
341
342
343
348
351
356
357
361
362
364
365
365
366
366
367
369
370
371
374
384
387
390
390
391
393
398
407
409
410
413
420
420
422
427
435
436
438
441
442
443
444
445
450
461
461
463
464
468
475
476
477
478
478
480
481
482
488
489
493
497
497
499
500
502
503
508
508
512
516
523
528
528
532
534
534
536
538
539
545
546
547
547
549
557
560
564
567
571
571
575
577
578
579
579
579
583
585
589
589
591
594
599
602
602
603
608
610
611
614
615
625
628
634
635
636
637
640
642
646
647
648
653
654
654
659
670
673
675
675
675
684
686
686
690
690
691
696
697
699
702
705
721
723
725
726
731
732
733
736
738
739
743
743
750
754
763
772
774
778
778
779
782
786
788
790
792
794
794
802
805
807
819
821
821
828
830
831
835
839
840
841
841
844
850
850
850
863
863
864
864
865
869
870
871
873
876
877
878
880
883
885
886
889
897
906
907
908
909
909
912
916
916
918
919
920
920
927
928
928
930
937
946
947
952
956
958
965
969
969
973
974
976
981
982
983
984
984
987
989
989
994
996
1000
1003
1004
1004
1004
1007
1013
1015
1017
1019
1021
1021
1023
1026
1026
1029
1041
1049
1049
1060
1061
1064
1064
1065
1069
1070
1070
1072
1078
1079
1084
1085
1087
1091
1092
1096
1099
1103
1110
1111
1116
1116
1116
1117
1121
1126
1127
1127
1128
1131
1132
1133
1134
1134
1137
1142
1144
1146
1149
1154
1155
1156
1156
1157
1160
1160
1166
1167
1174
1177
1180
1186
1186
1188
1188
1190
1190
1190
1192
1192
1202
1206
1210
1212
1224
1229
1233
1238
1238
1238
1240
1245
1247
1248
1252
1254
1254
1260
1264
1264
1269
1274
1274
1286
1287
1293
1295
1297
1298
1299
1302
1304
1310
1319
1320
1322
1327
1334
1335
1355
1359
1359
1359
1360
1361
1364
1365
1366
1366
1368
1372
1373
1373
1373
1381
1381
1382
1387
1389
1390
1392
1396
1396
1399
1401
1402
1403
1406
1408
1410
1413
1420
1420
1424
1427
1431
1434
1434
1434
1438
1439
1441
1458
1467
1470
1474
1478
1480
1481
1483
1483
1487
1488
1488
1488
1489
1490
1496
1498
1501
1502
1505
1508
1515
1517
1518
1519
1520
1521
1522
1528
1539
1540
1541
1548
1548
1554
1554
1557
1565
1568
1571
1573
1575
1582
1585
1585
1586
1588
1591
1594
1596
1597
1604
1605
1612
1613
1614
1620
1628
1633
1636
1637
1637
1645
1646
1650
1653
1655
1657
1660
1663
1666
1669
1672
1673
1674
1674
1674
1675
1675
1679
1681
1685
1685
1688
1691
1691
1694
1694
1700
1701
1701
1705
1712
1712
1713
1718
1723
1723
1725
1725
1725
1726
1728
1731
1734
1736
1736
1739
1740
1741
1745
1746
1750
1751
1751
1752
1753
1754
1758
1763
1763
1765
1766
1771
1773
1774
1780
1780
1798
1800
1802
1804
1807
1807
1808
1809
1811
1816
1819
1823
1830
1833
1834
1837
1840
1841
1841
1846
1847
1853
1853
1855
1856
1859
1861
1862
1866
1869
1871
1874
1875
1877
1882
1886
1887
1888
1889
1892
1895
1900
1903
1904
1907
1908
1909
1910
1911
1912
1917
1920
1924
1924
1926
1927
1928
1930
1935
1936
1937
1937
1937
1940
1944
1945
1947
1948
1952
1958
1961
1962
1962
1963
1965
1966
1968
1970
1973
1976
1978
1983
1986
1988
1995
2000
2002
2005
2016
2018
2022
2023
2025
2027
2030
2030
2031
2039
2042
2042
2044
2044
2045
2050
2050
2050
2050
2053
2059
2059
2062
2063
2063
2072
2072
2073
2076
2082
2083
2085
2085
2086
2095
2101
2102
2109
2111
2113
2116
2120
2127
2129
2130
2130
2132
2133
2140
2145
2148
2148
2161
2162
2162
2168
2171
2175
2175
2178
2185
2185
2186
2187
2189
2192
2193
2194
2198
2200
2204
2207
2208
2217
2218
2221
2221
2224
2232
2233
2234
2238
2239
2240
2251
2252
2252
2257
2261
2261
2264
2266
2271
2275
2276
2280
2289
2293
2294
2296
2297
2302
2302
2305
2311
2311
2312
2312
2316
2318
2318
2323
2327
2328
2331
2334
2341
2342
2350
2350
2352
2358
2360
2364
2364
2367
2370
2371
2372
2373
2373
2376
2378
2382
2383
2384
2385
2390
2391
2394
2400
2405
2407
2410
2410
2411
2414
2417
2419
2423
2424
2425
2432
2438
2438
2439
2442
2443
2443
2451
2453
2455
2456
2460
2462
2466
2467
2477
2477
2482
2488
2491
2491
2491
2494
2494
2495
2496
2502
2503
2505
2510
2510
2515
2518
2523
2526
2527
2528
2530
2541
2542
2546
2546
2549
2550
2551
2554
2556
2559
2560
2563
2565
2576
2577
2583
2584
2585
2589
2593
2596
2597
2599
2609
2611
2611
2615
2619
2621
2624
2625
2626
2628
2633
2633
2635
2642
2642
2645
2646
2647
2647
2653
2653
2655
2656
2661
2662
2665
2668
2671
2672
2675
2677
2684
2685
2690
2697
2703
2706
2711
2712
2712
2715
2716
2723
2725
2727
2727
2730
2731
2732
2733
2736
2738
2745
2745
2747
2750
2750
2753
2754
2754
2754
2755
2761
2761
2761
2766
2766
2769
2776
2782
2788
2789
2790
2799
2805
2814
2824
2824
2828
2831
2836
2843
2845
2846
2848
2848
2848
2853
2868
2871
2872
2876
2882
2887
2889
2892
2898
2903
2914
2915
2915
2918
2921
2921
2925
2927
2929
2937
2942
2945
2945
2946
2951
2953
2957
2958
2959
2962
2963
2970
2974
2975
2982
2983
2986
2987
2988
2988
2994
2996
2996
2998
3003
3007
3009
3010
3021
3024
3030
3034
3036
3038
3038
3039
3039
3042
3043
3043
3049
3051
3058
3059
3059
3060
3060
3065
3065
3075
3087
3093
3093
3096
3098
3101
3102
3102
3107
3111
3113
3114
3115
3116
3124
3126
3128
3128
3129
3132
3138
3138
3148
3154
3155
3162
3168
3170
3171
3174
3179
3182
3186
3188
3191
3193
3200
3201
3203
3207
3210
3218
3219
3220
3224
3234
3237
3237
3239
3245
3258
3262
3273
3274
3274
3274
3275
3280
3281
3283
3290
3292
3294
3295
3296
3298
3302
3308
3315
3319
3323
3338
3338
3340
3342
3344
3349
3353
3356
3357
3359
3364
3364
3368
3370
3372
3373
3378
3385
3387
3392
3395
3396
3402
3404
3407
3409
3410
3411
3412
3416
3417
3417
3424
3425
3433
3435
3436
3445
3446
3451
3452
3453
3453
3456
3459
3464
3466
3470
3474
3476
3477
3482
3487
3498
3501
3501
3504
3507
3511
3519
3520
3521
3525
3527
3531
3534
3538
3539
3543
3546
3547
3568
3569
3571
3576
3581
3586
3586
3586
3587
3590
3595
3595
3599
3600
3610
3612
3616
3616
3624
3634
3640
3641
3643
3644
3646
3649
3651
3652
3656
3657
3658
3658
3662
3665
3682
3682
3683
3690
3691
3693
3694
3694
3695
3699
3699
3701
3704
3709
3719
3719
3722
3722
3724
3731
3731
3732
3740
3746
3747
3749
3752
3757
3766
3767
3774
3775
3777
3780
3781
3786
3789
3790
3793
3796
3803
3803
3804
3806
3813
3815
3816
3818
3821
3821
3821
3825
3829
3830
3841
3844
3845
3848
3848
3856
3865
3865
3873
3879
3879
3881
3884
3888
3891
3892
3892
3899
3905
3906
3910
3913
3921
3921
3921
3925
3926
3926
3927
3930
3933
3940
3941
3947
3962
3962
3963
3973
3978
3979
3979
3982
3990
3991
3997
4000
4002
4010
4010
4011
4017
4019
4020
4023
4026
4027
4028
4028
4029
4030
4039
4043
4046
4052
4053
4055
4058
4067
4070
4074
4076
4080
4081
4089
4091
4092
4094
4100
4100
4103
4112
4115
4118
4126
4130
4136
4139
4141
4143
4145
4147
4153
4154
4157
4160
4161
4175
4178
4182
4185
4196
4198
4208
4211
4216
4218
4218
4220
4224
4226
4227
4229
4235
4237
4244
4250
4252
4256
4263
4271
4272
4286
4288
4291
4295
4297
4297
4299
4299
4301
4308
4310
4317
4319
4320
4320
4336
4341
4344
4355
4357
4360
4364
4365
4373
4374
4379
4403
4406
4409
4416
4418
4420
4428
4430
4431
4435
4438
4445
4446
4447
4456
4462
4468
4471
4471
4472
4479
4479
4483
4485
4487
4488
4495
4495
4495
4495
4502
4504
4504
4505
4506
4513
4515
4521
4529
4530
4534
4536
4537
4544
4548
4548
4560
4565
4568
4580
4582
4584
4587
4595
4596
4599
4612
4619
4620
4622
4622
4629
4630
4633
4638
4639
4640
4643
4644
4645
4645
4647
4670
4673
4674
4675
4690
4691
4694
4695
4697
4705
4706
4724
4724
4734
4736
4736
4745
4746
4747
4750
4758
4760
4770
4774
4775
4779
4788
4795
4800
4802
4808
4820
4825
4827
4841
4844
4845
4849
4851
4854
4854
4856
4857
4857
4869
4875
4889
4890
4894
4909
4912
4913
4925
4929
4931
4939
4953
4953
4956
4958
4964
4965
4965
4970
4972
4978
4979
4980
4982
4985
4988
4991
4992
4993
4995
5002
5006
5009
5013
5015
5018
5021
5024
5028
5030
5037
5045
5050
5052
5060
5068
5069
5073
5074
5078
5078
5081
5083
5085
5085
5086
5090
5091
5099
5100
5105
5107
5108
5108
5110
5110
5112
5113
5113
5122
5130
5133
5133
5135
5142
5145
5148
5159
5162
5163
5164
5165
5166
5169
5170
5174
5175
5180
5190
5196
5202
5204
5204
5208
5212
5214
5223
5225
5230
5242
5244
5246
5248
5255
5257
5259
5260
5262
5264
5267
5267
5269
5271
5271
5277
5281
5282
5296
5297
5298
5301
5305
5314
5316
5317
5318
5319
5319
5321
5329
5331
5333
5334
5340
5366
5378
5386
5387
5388
5392
5393
5399
5400
5401
5405
5409
5410
5410
5411
5426
5429
5430
5437
5440
5444
5445
5445
5446
5448
5448
5452
5459
5464
5467
5467
5468
5476
5477
5477
5480
5483
5495
5498
5498
5498
5503
5513
5521
5526
5529
5538
5539
5541
5543
5546
5548
5550
5560
5560
5563
5567
5574
5587
5589
5593
5600
5605
5610
5612
5613
5616
5617
5618
5619
5623
5624
5625
5631
5632
5633
5634
5636
5639
5641
5644
5646
5646
5647
5648
5659
5661
5662
5665
5667
5669
5677
5677
5681
5683
5689
5692
5696
5698
5698
5704
5706
5708
5710
5712
5713
5720
5726
5727
5729
5729
5732
5738
5738
5743
5747
5750
5759
5782
5789
5790
5794
5796
5798
5801
5802
5804
5806
5806
5806
5809
5810
5815
5818
5821
5828
5834
5841
5845
5848
5853
5856
5858
5866
5866
5870
5871
5873
5874
5876
5877
5878
5885
5886
5894
5910
5925
5926
5928
5933
5933
5936
5947
5948
5953
5953
5955
5956
5957
5974
5978
5979
5980
5981
5982
5983
5984
5984
5986
5987
5991
5992
5993
5995
5995
5997
5999
5999
6005
6008
6009
6013
6015
6018
6023
6025
6026
6028
6030
6033
6033
6033
6037
6039
6040
6047
6048
6052
6052
6054
6057
6061
6062
6069
6071
6076
6077
6084
6084
6086
6090
6093
6093
6095
6100
6111
6119
6121
6121
6128
6133
6134
6141
6141
6147
6153
6156
6162
6162
6165
6165
6169
6172
6173
6181
6182
6185
6197
6197
6198
6212
6214
6221
6226
6229
6236
6240
6241
6241
6246
6251
6252
6254
6257
6260
6274
6277
6282
6285
6291
6294
6301
6302
6304
6304
6305
6309
6328
6334
6334
6340
6341
6343
6345
6349
6366
6368
6374
6375
6375
6376
6380
6381
6390
6391
6405
6406
6407
6409
6418
6425
6425
6428
6432
6435
6435
6437
6438
6442
6442
6443
6444
6447
6451
6460
6461
6461
6468
6473
6480
6492
6497
6499
6501
6508
6516
6519
6527
6528
6532
6534
6536
6538
6544
6551
6557
6563
6567
6568
6569
6574
6588
6601
6603
6604
6609
6610
6611
6614
6614
6617
6618
6619
6621
6621
6622
6623
6629
6634
6648
6649
6655
6657
6659
6660
6662
6663
6673
6677
6682
6684
6689
6692
6697
6699
6714
6715
6720
6723
6725
6726
6728
6736
6737
6738
6740
6745
6747
6762
6763
6770
6774
6780
6788
6793
6794
6801
6803
6810
6818
6819
6819
6820
6822
6822
6822
6826
6833
6847
6852
6854
6854
6863
6867
6872
6876
6881
6897
6898
6898
6907
6908
6916
6918
6921
6931
6939
6948
6952
6959
6961
6964
6969
6973
6974
6976
6979
6981
6984
6992
6994
6997
6999
6999
6999
7008
7013
7021
7041
7045
7048
7048
7049
7050
7050
7052
7053
7054
7057
7061
7065
7071
7076
7083
7090
7095
7100
7102
7105
7112
7113
7117
7117
7124
7126
7130
7131
7133
7134
7138
7144
7145
7148
7154
7155
7159
7161
7162
7162
7163
7163
7169
7171
7173
7176
7182
7182
7184
7184
7188
7189
7193
7195
7199
7204
7228
7229
7236
7236
7237
7238
7238
7245
7246
7250
7250
7250
7256
7267
7269
7273
7282
7285
7287
7289
7291
7293
7294
7296
7303
7308
7309
7311
7313
7315
7320
7328
7328
7331
7332
7335
7340
7346
7347
7350
7350
7353
7358
7363
7365
7370
7371
7376
7384
7388
7389
7389
7393
7395
7403
7410
7421
7425
7426
7427
7431
7443
7446
7453
7460
7479
7482
7482
7485
7486
7486
7501
7502
7506
7512
7513
7516
7520
7521
7526
7529
7531
7532
7534
7534
7539
7541
7549
7559
7566
7572
7574
7574
7578
7579
7581
7583
7585
7589
7591
7592
7594
7599
7600
7603
7604
7605
7608
7613
7631
7635
7636
7642
7651
7653
7659
7662
7663
7663
7672
7678
7684
7684
7688
7690
7690
7694
7696
7699
7703
7703
7705
7706
7710
7714
7729
7731
7743
7745
7745
7749
7749
7755
7764
7764
7765
7768
7772
7772
7776
7784
7786
7789
7791
7792
7794
7798
7800
7800
7802
7803
7803
7810
7821
7821
7822
7823
7831
7831
7833
7833
7834
7834
7839
7841
7845
7852
7859
7860
7861
7877
7880
7880
7881
7882
7885
7885
7887
7894
7900
7901
7905
7907
7908
7910
7915
7915
7916
7917
7929
7929
7931
7948
7948
7956
7957
7962
7962
7963
7966
7967
7968
7969
7971
7972
7980
7981
7985
8001
8015
8024
8024
8025
8027
8029
8029
8030
8036
8040
8040
8049
8052
8056
8063
8069
8081
8089
8093
8095
8097
8098
8099
8109
8112
8113
8118
8123
8130
8132
8133
8146
8158
8162
8164
8168
8174
8184
8185
8187
8187
8188
8189
8191
8192
8192
8202
8203
8208
8212
8214
8218
8218
8222
8222
8224
8228
8234
8241
8241
8245
8247
8248
8248
8254
8257
8259
8260
8265
8270
8276
8283
8287
8288
8295
8296
8296
8297
8300
8301
8302
8308
8319
8332
8343
8348
8356
8357
8367
8370
8371
8393
8396
8400
8401
8402
8419
8420
8422
8424
8426
8434
8435
8435
8440
8441
8441
8443
8443
8447
8450
8450
8455
8459
8470
8471
8474
8476
8479
8480
8482
8484
8488
8490
8495
8496
8499
8500
8500
8504
8505
8512
8513
8516
8518
8520
8521
8523
8526
8530
8530
8531
8535
8541
8541
8553
8555
8567
8569
8571
8573
8573
8574
8583
8583
8583
8587
8589
8594
8599
8606
8617
8622
8627
8630
8633
8635
8636
8641
8644
8649
8656
8660
8665
8676
8677
8686
8698
8700
8700
8701
8707
8708
8708
8714
8714
8715
8717
8721
8726
8727
8729
8731
8733
8738
8742
8745
8747
8751
8756
8757
8764
8769
8772
8781
8782
8785
8788
8790
8794
8797
8797
8799
8818
8821
8821
8829
8832
8839
8840
8844
8846
8847
8852
8855
8859
8859
8860
8861
8863
8866
8869
8871
8875
8881
8881
8894
8910
8911
8917
8922
8923
8927
8929
8934
8934
8934
8937
8941
8943
8956
8956
8958
8961
8963
8964
8967
8971
8972
8975
8980
8981
8984
8985
8987
8991
9002
9005
9006
9012
9012
9015
9017
9028
9030
9038
9040
9041
9042
9046
9047
9051
9051
9051
9055
9055
9056
9058
9061
9062
9064
9064
9065
9068
9069
9077
9077
9083
9084
9084
9084
9086
9087
9110
9112
9114
9116
9119
9124
9131
9145
9153
9157
9159
9159
9166
9169
9175
9175
9181
9192
9196
9196
9197
9198
9200
9202
9206
9206
9206
9209
9215
9220
9226
9250
9254
9257
9259
9260
9262
9268
9269
9273
9277
9287
9290
9291
9302
9302
9315
9320
9322
9324
9324
9326
9331
9340
9349
9366
9368
9368
9369
9370
9373
9373
9379
9384
9388
9388
9390
9390
9402
9402
9409
9414
9416
9417
9417
9422
9422
9424
9426
9427
9427
9429
9435
9441
9441
9442
9443
9453
9453
9454
9455
9460
9465
9479
9480
9488
9497
9498
9501
9501
9516
9522
9522
9522
9539
9540
9540
9543
9545
9547
9553
9560
9561
9564
9564
9568
9571
9572
9575
9584
9593
9594
9597
9598
9599
9604
9606
9608
9609
9610
9611
9612
9619
9620
9621
9626
9631
9632
9636
9639
9640
9644
9645
9650
9653
9654
9657
9661
9663
9667
9669
9670
9675
9679
9681
9686
9695
9698
9700
9700
9708
9716
9727
9731
9731
9738
9752
9756
9756
9761
9762
9762
9763
9771
9784
9784
9790
9791
9794
9795
9802
9806
9814
9815
9821
9822
9830
9830
9833
9834
9835
9836
9842
9847
9855
9857
9858
9858
9858
9869
9883
9883
9884
9887
9891
9894
9897
9901
9902
9904
9905
9906
9908
9913
9917
9935
9936
9939
9947
9948
9957
9959
9961
9965
9967
9967
9979
9979
9987
9989
9997
4302
7198
914
9201
1876
7337
5823
8473
4424
7031
8802
1564
9808
9614
2727
2225
5559
6533
3656
7913
4155
1401
625
9364
889
7471
703
4647
8853
2554
491
6412
383
9183
1414
7995
3298
648
9556
3512
1935
1334
4446
5645
218
4586
1539
4377
7667
8389
1760
8857
5943
3167
9264
9494
5399
117
4980
5679
2634
279
4150
7032
7615
4705
3099
627
6118
2727
423
1471
48
6374
869
7790
5235
6393
2792
5467
4370
8394
236
4859
9564
5641
9920
9443
2212
7186
4776
1035
802
8746
3693
3346
1576
7994
3160
9250
7607
8255
255
4421
3506
7185
95
5655
707
9074
859
5470
9470
8874
3060
8344
5939
5953
3866
6980
2375
5420
8049
564
9237
3596
9320
4640
1520
1171
6198
3791
5101
2344
8069
4130
735
9453
6019
5745
6387
2639
71
8522
445
4509
2689
2279
7122
9965
1702
5104
1688
6684
4634
9120
7723
1972
5022
2668
8689
1475
8684
258
4304
8842
2208
3758
3838
1219
7178
2339
6553
4134
8546
5688
2297
5101
2379
176
9699
7814
9515
5439
9631
7962
7305
410
8876
5292
5816
574
770
1268
1731
5203
3752
8636
2041
1698
9671
8410
2284
5797
3855
3808
2660
495
936
2800
3865
4396
8620
2836
7185
2073
4900
8589
7943
1447
9840
8170
4973
3964
202
5260
6627
8491
2045
5816
7960
501
1538
6540
1920
4256
3771
6181
8118
631
1492
4880
7988
2306
8903
2639
82
6023
2639
3023
8603
9793
1663
6728
6790
5376
4803
6052
9299
529
615
5972
5844
1344
1959
1775
4078
4699
4615
1740
3344
5177
1076
6499
2996
7354
3930
3567
131
2464
9976
6374
446
3551
5457
1356
9354
8737
2676
5828
316
5038
2030
3433
8133
8938
7134
9868
4159
1886
7530
5247
553
1211
7712
5169
1776
3533
4383
7931
287
9037
487
571
343
1369
2398
8414
1778
440
8373
7428
7653
6280
3386
9566
5524
1083
8015
4459
2203
1122
9259
1892
218
1672
9712
756
7392
5378
2077
5084
8988
4773
9732
8198
4271
744
9262
3000
8662
1036
126
6043
3927
4601
148
637
2505
8043
9235
1540
2889
1022
9380
9444
2138
7493
3532
3779
4781
6273
6124
7578
1234
1168
4183
1422
8382
4179
8426
1713
3933
3541
5383
6451
6393
8121
7842
1020
9051
9779
176
4991
8306
6282
4764
6103
6066
1004
7612
4341
6287
4610
8467
9469
3050
1110
5065
7533
699
259
2328
9888
4240
2363
6344
9618
5252
8271
365
7221
1699
410
1135
8275
7949
9374
8955
1573
8314
8692
9608
435
8893
2094
9420
6317
3180
7184
48
4473
3886
878
6242
1598
22
1607
6121
7793
7039
2563
1678
5550
2473
984
4393
5513
3187
6083
4489
7061
6217
9509
6392
9637
6992
6508
9358
2417
2463
4437
8790
7003
6320
8478
6574
2419
8280
2304
9810
9416
8467