729
765
501
443
459
334
862
862
351
27
647
692
418
812
840
792
561
392
15
243
936
485
816
765
207
582
485
612
60
765
573
102
612
785
607
485
244
876
45
977
610
285
512
14
539
500
941
392
122
763
929
998
500
112
215
403
941
195
17
936
951
480
500
149
149
271
4
255
102
573
880
759
866
79
334
828
757
215
573
525
240
497
950
248
170
348
351
103
785
458
443
15
311
574
353
341
34
904
246
17
785
348
775
911
880
382
748
91
589
171
365
291
169
311
65
748
283
607
365
650
828
392
698
899
176
804
54
291
750
285
180
108
607
509
104
846
429
575
407
828
3
775
965
175
817
262
582
126
668
561
936
765
334
271
283
612
272
484
759
612
180
295
65
607
965
351
240
977
176
734
840
606
551
812
911
551
590
291
243
149
989
392
535
840
215
967
606
785
967
65
308
382
228
15
15
344
627
702
698
866
497
784
748
572
478
484
500
272
941
351
473
763
745
876
6
936
765
261
201
869
627
42
295
344
12
262
33
866
969
816
195
516
941
582
334
176
246
411
260
992
810
517
804
967
42
171
612
104
429
79
714
526
40
341
977
65
248
643
309
171
998
170
606
418
480
569
745
17
647
929
122
403
485
943
904
526
3
750
112
582
424
765
500
91
122
195
516
969
579
63
543
246
693
497
516
804
512
589
693
698
876
668
34
634
804
112
941
929
458
34
618
14
650
775
130
941
904
3
950
334
243
627
500
228
215
785
745
765
750
951
693
539
308
950
260
643
840
497
575
693
130
993
605
618
816
590
285
478
629
195
365
201
169
876
27
291
176
210
994
242
108
702
403
668
108
353
354
574
341
195
309
291
759
478
381
4
539
575
209
548
634
112
4
248
606
539
526
149
812
610
129
590
607
579
122
159
572
243
904
590
175
261
941
104
248
904
170
170
569
240
63
180
283
569
341
702
711
509
104
482
862
729
104
243
765
977
45
618
714
796
714
954
643
501
248
195
171
4
365
411
482
426
702
311
993
159
796
170
692
344
950
392
977
525
812
573
3
354
65
426
693
950
149
4
341
763
14
994
421
501
759
512
759
750
42
63
992
457
748
4
458
988
692
929
14
308
459
479
45
627
562
501
273
170
170
562
959
308
169
590
535
573
108
365
526
899
840
698
634
959
943
579
551
63
561
992
526
473
539
590
763
862
272
698
207
497
693
759
12
880
516
862
243
567
525
876
228
424
15
426
60
271
911
295
647
171
965
634
15
941
750
589
112
381
108
65
457
482
418
512
516
207
240
353
34
14
122
170
500
582
582
606
711
130
959
501
351
309
273
500
539
765
876
271
517
947
443
569
40
283
418
579
582
899
846
403
535
579
869
392
403
63
994
382
812
543
382
228
951
344
371
45
950
45
993
484
170
103
12
692
392
204
308
994
618
911
501
112
792
562
271
171
998
876
969
714
262
4
12
951
403
201
509
459
130
977
618
757
60
283
812
418
443
947
353
260
17
575
272
459
693
516
634
429
585
392
946
698
79
525
129
344
607
951
548
951
271
899
91
992
3
748
562
17
308
210
759
989
45
539
283
497
647
840
627
607
122
880
551
610
562
246
27
643
562
17
459
12
33
947
354
341
239
941
458
936
34
299
816
692
784
590
606
381
457
817
285
967
65
103
828
295
880
351
308
260
792
354
714
998
262
242
392
215
840
459
792
946
693
407
748
79
692
840
575
27
512
457
129
130
244
407
610
478
458
765
812
392
478
936
846
295
936
543
561
479
582
785
42
692
459
426
526
457
309
959
757
509
792
840
458
239
796
654
272
535
375
484
351
804
692
941
904
869
382
418
291
411
517
273
946
199
816
484
929
3
381
572
375
195
480
589
497
344
239
54
947
654
108
711
634
512
17
765
351
482
959
606
309
429
711
341
654
478
209
629
311
765
512
589
911
45
810
334
353
929
15
262
375
792
784
509
244
159
954
711
539
573
629
348
334
459
351
27
79
943
959
354
309
828
458
353
763
989
382
199
992
108
246
195
239
988
784
941
501
295
876
209
15
15
517
562
745
65
562
763
255
478
985
967
573
629
285
988
562
497
65
757
904
175
79
828
579
951
457
353
612
12
929
240
585
899
911
459
348
959
33
822
421
382
473
804
199
84
283
424
574
784
500
567
3
65
954
862
866
954
734
539
817
969
60
796
311
500
382
485
17
418
989
804
543
309
485
484
816
382
457
525
443
484
750
569
459
561
711
79
443
244
295
171
261
261
876
562
574
228
992
6
748
130