999
999
993
992
991
991
988
984
984
983
982
981
981
981
981
981
980
979
979
978
977
977
976
976
975
972
970
969
968
968
966
966
965
965
964
963
963
962
962
962
961
961
961
961
960
959
959
958
958
957
956
956
954
949
949
948
948
945
945
945
944
943
943
942
942
942
941
938
935
933
933
932
930
929
927
926
924
924
923
922
921
919
919
919
918
918
916
916
916
915
915
914
913
913
912
912
910
910
908
907
906
904
904
903
903
903
901
900
899
899
898
898
898
896
896
895
893
892
891
891
888
886
885
882
879
878
876
876
873
872
871
870
869
869
866
866
865
863
860
859
859
856
856
855
854
854
854
851
851
851
849
848
845
844
844
843
842
840
839
838
837
837
836
834
834
833
831
830
830
828
828
828
828
826
826
826
826
826
823
819
818
815
815
814
812
810
810
810
809
809
808
805
804
803
801
799
799
799
799
797
796
794
793
789
789
789
787
787
786
786
786
782
781
781
780
780
779
776
775
774
772
772
772
768
767
767
764
763
763
762
762
761
758
757
756
755
754
753
753
752
752
751
751
750
749
748
746
746
746
746
744
744
743
742
741
740
739
738
738
735
733
727
725
724
723
721
720
719
719
715
713
712
711
710
710
709
708
708
707
707
705
705
704
703
703
703
703
702
702
701
699
699
695
695
695
695
694
692
691
690
690
687
686
685
683
682
681
678
678
678
677
675
675
674
673
672
671
670
669
668
666
665
665
660
660
660
659
658
658
656
655
655
654
654
651
651
650
650
648
648
647
646
645
644
644
644
641
641
640
638
638
638
637
632
630
629
627
624
621
620
620
620
618
618
616
614
612
611
609
606
606
606
602
601
601
600
599
592
591
587
587
585
584
582
580
579
574
572
570
568
567
566
564
563
563
560
559
559
558
555
553
552
552
552
552
551
550
548
547
547
546
546
545
544
543
542
541
540
540
539
538
538
537
536
535
535
531
531
530
530
529
528
528
527
526
524
524
523
522
521
521
520
520
520
519
518
516
516
515
515
513
509
509
507
506
504
504
504
502
502
502
502
501
499
498
496
496
495
494
493
493
493
492
492
492
489
489
487
487
486
486
485
484
484
484
483
482
482
481
481
480
479
476
470
469
469
469
469
469
468
467
466
466
464
463
462
461
460
459
458
456
455
455
453
452
451
451
450
449
449
447
447
446
444
444
443
443
439
438
438
438
437
436
436
436
436
435
433
432
432
432
431
431
431
431
431
431
430
430
430
429
429
428
427
424
420
420
418
416
416
415
414
412
412
411
410
410
407
406
405
402
401
400
399
398
398
397
397
397
397
396
395
394
391
391
391
390
388
388
386
385
385
384
384
384
382
381
380
380
379
378
377
375
372
371
369
369
367
367
366
366
365
365
364
363
363
363
363
363
361
360
360
359
358
358
357
357
355
352
352
352
352
351
350
350
348
347
346
346
345
344
344
343
341
341
341
338
338
337
334
334
334
334
333
332
332
332
331
330
330
330
329
329
329
329
328
328
328
327
327
326
324
324
323
322
322
319
317
317
316
316
314
314
314
314
314
313
310
309
309
307
306
304
303
302
300
299
299
295
295
295
294
293
292
288
286
286
286
285
284
284
284
282
282
281
281
281
278
278
278
276
275
274
274
274
274
272
271
271
271
270
270
270
269
268
267
267
266
266
265
264
262
260
260
259
258
258
253
253
252
251
250
249
247
244
244
243
240
237
237
236
236
235
234
233
229
228
227
227
224
223
223
222
222
221
221
220
220
220
219
219
218
217
217
216
216
216
216
214
214
213
213
212
209
209
209
208
208
208
207
207
207
206
206
205
204
203
203
202
201
199
198
197
197
197
196
195
195
195
194
194
193
192
190
189
189
188
188
188
183
183
182
180
179
177
177
177
177
176
175
174
174
173
172
171
169
168
168
166
165
163
159
159
153
153
152
152
152
150
149
147
147
146
146
145
143
143
142
141
141
140
139
138
138
138
134
133
131
130
127
126
121
121
120
120
117
117
116
115
114
111
108
108
107
107
107
106
105
104
104
104
103
101
101
98
97
96
95
94
94
93
93
92
90
88
81
81
80
78
74
74
73
73
72
72
71
69
69
68
67
67
67
65
65
65
60
60
57
57
56
56
55
54
54
53
50
50
49
49
47
44
43
43
43
43
42
42
42
41
41
40
40
40
40
40
39
34
34
33
33
32
32
30
29
29
27
26
25
24
23
23
22
21
15
15
12
12
11
9
8
8
7
4
4
3
2
1
1
0
0