4039
4461
1853
736
1886
3589
2529
2501
3451
2342
8912
8142
8910
2404
8484
3567
4011
1600
2325
5917
3184
193
7966
8933
1960
4055
8212
3534
7231
4413
7108
8285
7399
1053
3308
4648
4506
648
3262
3660
673
294
449
2322
3876
8282
4344
7584
2627
7385
694
508
9492
7933
3122
7431
3646
870
3624
8535
6230
224
288
1125
2104
3658
2115
4169
3912
7574
1403
5858
7129
9021
9754
1835
318
1157
8158
4746
9711
4677
2115
9402
9758
3655
6282
6507
3659
9743
5129
7993
8741
4412
1154
3707
3202
861
3481
8028
6576
7606
3280
2767
9996
4115
2709
2767
932
7292
8254
6565
5528
9801
5796
3165
1094
2072
7662
9867
9079
8701
687
6218
2787
3865
1075
1189
1708
3966
7845
6938
1322
9697
8533
5355
723
497
2121
4887
3533
3128
737
3545
4614
112
7871
2655
6804
8071
9095
6814
185
5718
7955
6739
4282
7342
1962
1565
144
3604
4274
8058
2094
7439
115
1263
9491
271
4958
9948
9363
5280
3326
2862
3009
9520
8638
1335
7008
1181
4652
6715
4298
866
8748
9533
8720
8244
735
4586
5300
1432
7061
7763
3491
3527
1521
4353
5223
7636
653
6148
6476
6701
3214
8988
9953
9121
5320
2956
9713
2802
21
4540
4707
9706
1810
1022
9486
4610
1467
9443
7169
1825
1896
8879
6930
6370
2328
7930
5574
2281
29
904
5281
3287
1975
6460
6190
4876
7606
7720
5280
45
3130
8088
3434
8822
5582
6848
2316
193
4933
9858
15
1255
4163
3445
1715
711
2654
9827
9703
453
3606
3617
2377
5573
8963
948
9503
8232
6575
9506
4725
9126
3524
759
4007
3053
2663
7401
834
9544
3525
9614
1302
8916
8940
5485
2270
7007
397
706
5507
1121
1601
4598
2878
5968
8538
5422
8109
8895
5771
4178
3112
902
8522
3249
1460
3800
5349
1219
1015
8464
179
6399
5533
5022
9933
2703
8139
2049
2301
9600
9618
9813
5621
8910
3622
9823
9442
1216
1728
358
131
6816
1697
9173
5989
7390
6791
718
2865
4357
1189
6321
5608
2429
3182
9117
6077
4787
3986
5574
2884
5606
172
312
6970
8067
2731
1595
5429
6964
4352
9911
7053
8948
1319
1306
7100
5078
2506
1720
8594
6551
7570
5426
6603
8288
8991
698
3237
5105
4058
9190
2748
3419
6809
2963
9417
2796
1747
5915
3563
9664
8708
7562
8100
1318
2403
5918
9111
1041
9843
1277
5616
3984
1495
2732
6037
4625
8137
8589
1435
1777
3260
1912
4733
7798
2368
829
5352
7505
1799
2056
1450
9150
726
2647
1757
1118
1565
7960
4286
71
1546
2118
3939
7594
2187
7062
9021
7686
2836
7101
4857
6603
1616
2932
8829
1873
3962
3535
9634
4122
9134
3930
2780
8085
604
2756
3442
292
9469
9793
3738
865
6329
7995
3268
1996
152
2953
2283
9320
4039
4339
2919
599
5966
7780
7270
6067
207
8960
4044
2719
7890
2856
1784
1965
2815
3740
1034
1697
4667
8417
9122
1109
9943
915
4698
1022
388
8508
7559
5903
1436
9430
6428
3998
9341
4925
5599
9172
8455
8777
4528
888
1785
331
6007
6350
2263
5237
1037
171
3598
1007
2638
7932
1339
6679
1790
7720
3641
7544
2666
484
681
9759
5888
9014
6055
250
2673
2812
9258
145
9493
7133
5196
4186
8000
704
891
5144
7956
9771
7824
9379
7031
7455
8206
2110
2263
4355
6845
5749
8731
7869
7239
9269
8731
8776
9378
8737
3427
1443
208
9553
8739
4710
4851
5198
4699
6251
6613
7916
9382
8234
5719
7222
1124
9700
5272
5057
3533
9637
9288
3450
7426
1236
7006
4625
6550
1165
6631
5546
5037
9585
4864
6209
1763
3323
9830
1550
2512
5351
8843
3497
3675
814
6316
1168
4285
1989
7697
1623
9944
1495
2612
1151
968
2128
7381
9050
632
7739
3022
3246
9063
126
1059
5880
4988
6357
4332
7763
2232
7660
5734
2857
7820
913
6534
6952
9195
4473
7680
4473
7233
7073
6343
8462
4884
1080
7270
9561
1961
2044
8878
9045
9306
6018
9825
2591
1767
1946
3215
4068
6890
3970
4174
3522
1264
9450
111
7719
9077
8439
3390
1759
3599
9964
2363
7932
8014
838
4311
3126
5682
4071
2417
2022
5645
8581
9234
8621
7914
4676
5381
5338
8367
2369
2555
5740
4847
5488
1437
9557
7699
9705
4500
2656
9706
5742
7670
6756
2510
369
7649
1576
1097
5795
8669
4201
4040
3664
7789
2811
7871
5577
5927
8317
6318
3778
8004
6320
1874
8381
7257
2121
7678
2454
9415
132
9307
3665
1617
3995
8301
5313
2396
6696
2745
2874
6091
6712
2692
1017
1036
5024
5774
7667
6764
4388
3711
251
9154
326
2576
8392
9435
3547
3869
934
5282
5412
6921
7740
6979
8892
8626
8606
5168
6829
3783
2947
2723
857
4184
7690
6021
613
8221
408
4926
648
6826
8373
606
9381
8577
5001
2187
8308
2744
529
748
6280
8460
2886
582
2557
5574
3248
4085
1344
2605
102
8957
5348
3340
3561
225
8722
438
9714
8099
7760
5256
329
8462
5061
3965
6904
7617
1052
8551
8383
3196
6007
3997
8777
9904
9046
3472
607
3234
2329
6226
4875
5840
770
1065
6880
5400
9518
2880
3480
789
2101
6368
6670
330
3808
2525
2013
2948
6602
6083
5544
1515
8890
8835
8764
2010
8753
5496
419
3744
6735
6895
9786
9542
5114
4342
421
337
6962
164
6050
8154
1918
3610
8011
2556
9243
6664
4688
525
3351
8979
356
561
249
6902
8183
156
7779
2598
1412
4407
1466
8251
6571
277
1013
2395
866
8726
7733
1065
984
7707
7332
3742
5034
218
7089
1255
1273
9509
938
3120
3995
9462
1963
4590
1585
6110
8567
4579
1754
6591
9987
3630
3414
9990
1275
6065
2190
9597
608
6823
8289
2079
1407
1301
9554
7133
5784
3632
1792
2481
2572
3232
8774
546
8632
5220
7204
599
6498
9014
8605
2095
4018
3296
4948
6369
579
6735
3968
6879
4314
2839
9959
6256
1846
4135
7914
1389
328
6990
8254
7148
1637
125
1531
3180
1417
6271
2488
8401
1599
1256
5798
4225
3534
7210
555
8829
1014
797
5842
7076
9676
8671
4434
5876
994
6170
7596
1506
6746
6982
1881
8029
1692
4079
243
2702
9734
4920
2403
7714
1300
5503
1691
555
7840
6723
7764
835
2075
6260
5819
9891
4701
9113
9368
3396
3066
6344
6143
8580
3782
1730
346
3067
8170
9756
4647
414
6790
5270
4526
3555
9369
9269
246
4630
1728
2883
1624
972
2363
8906
1971
3766
2262
7581
8866
4696
5223
5208
3931
1370
2275
7977
5002
7023
1142
9598
3917
197
1282
8353
9489
1596
823
5074
1021
1498
5477
9203
6397
1246
8958
7834
7970
8643
719
2722
9016
9704
6496
8323
4168
5678
5786
2163
7487
5313
5320
6589
6223
8058
8465
2129
8836
2628
1478
4284
874
9407
4231
586
4493
4946
9739
9913
7552
5971
1151
1808
6818
4539
3326
1791
8431
6038
4434
3193
7587
5705
1130
7023
868
2583
1852
1487
560
4261
5629
6045
564
6412
319
6096
8606
4319
1066
865
2822
3166
2271
7343
9561
9371
6792
3334
2822
2955
3828
8594
4301
1086
2562
510
2755
8322
8747
8242
171
7525
6677
2812
8146
1002
5397
30
9578
5663
1172
4185
5946
9148
7206
3224
2675
7790
2615
5680
118
1204
6135
1126
4148
6698
9320
7202
1318
8564
1941
3906
4095
3037
2661
3122
8974
1473
6608
843
5768
3160
161
9449
1925
4341
1181
3042
3578
2973
9459
2100
2087
1531
1780
4941
9026
8435
7445
561
7124
5333
8019
4152
738
9301
4566
518
5071
6553
425
1151
9216
8883
1080
1242
8592
7904
7675
85
1668
5983
5091
4714
1634
6182
9443
6656
1118
9010
1457
7365
805
2157
7356
4347
9422
7173
2479
7392
221
9242
503
3266
1178
4488
6082
5763
4913
4966
5657
9034
7259
7470
1920
3418
4493
6142
1595
1510
752
1790
6675
2165
5825
4068
8584
6787
9753
2628
3897
6681
9344
8508
8131
9197
9357
2287
263
4220
1618
4927
3423
4264
5414
8736
5297
1421
2002
6667
4500
2744
8544
5265
9667
8362
4016
2065
8593
5161
2253
3996
3724
9095
4656
7590
1780
2343
3443
8639
5054
3902
3337
5923
4756
9847
7644
3439
2447
9706
2791
6213
9912
2221
486
4738
571
4362
4506
8653
829
8387
6657
3027
7039
1428
9509
8465
6483
5801
9572
8865
7599
9872
9232
2058
4464
1247
1911
7585
2465
873
6630
4740
3372
1501
7322
8936
2464
7424
2023
7840
4228
9548
4685
5522
2491
3784
1783
1845
8296
2362
326
2334
6915
6042
9597
4475
1149
1929
926
2303
160
2530
7814
3711
1451
4608
1780
8940
3069
2577
6895
6834
4287
8649
8969
704
9975
4042
494
4410
4298
1746
3042
6300
9426
1333
4794
4751
1664
8444
5545
2144
6676
5598
9006
3327
1739
4191
268
8182
4744
8167
2283
9883
4758
2628
9661
1847
2956
8930
1955
2648
2594
7833
8736
3139
659
3512
5246
4270
3892
5345
4144
174
6100
7077
1240
2524
84
5361
1178
5213
7257
3081
1409
9970
4880
2580
593
8413
5073
184
844
7942
9543
1432
4872
3117
1855
8123
2513
4848
2271
1343
1547
1183
4393
8973
7307
1742
6127
159
1047
3707
2249
5055
330
3281
5989
4834
2045
9452
143
8389
1907
7021
5298
278
899
3312
6125
4022
2683
5341
1193
9310
9026
1244
4922
9376
3903
2925
532
2015
2233
7990
4304
4066
9007
3038
2143
7108
9049
6362
1086
9136
5486
4277
1034
7339
5479
1461
1222
610
2980
7804
7147
1814
4302
7085
8464
2453
7788
1216
2218
2363
9706
3671
9877
8937
6390
8434
8419
1285
7549
8431
3765
4097
4759
1142
6184
4208
3726
7652
2305
6134
692
1335
2109
8352
7077
554
4898
149
5786
3264
6666
1259
5952
5318
65
9036
5337
164
3692
7242
5473
69
380
1025
5732
7784
3972
9404
9966
9861
9175
1083
3171
5460
9078
5347
9040
1386
9817
2182
321
2757
2075
1221
7141
4315
603
7044
8767
7662
624
717
2734
8034
8844
2679
15
7570
8645
3911
4977
8416
6272
2024
1673
6748
2079
8920
24
599
7916
2659
2186
6583
438
3395
1423
7165
2940
6184
9663
9094
4599
9909
2922
6976
8941
5131
6511
909
2707
106
1518
3228
979
4373
9214
502
6159
9349
7379
935
1300
7921
9467
366
3074
4157
3400
5494
2091
2992
2147
1365
7562
9946
1615
1125
5095
3302
2491
4178
9688
5596
8796
403
9785
8554
7179
7996
159
1076
2138
1955
2249
7626
5853
1233
1256
9577
9655
8812
8785
4548
2098
8419
5249
2885
5299
2602
9136
7118
3597
5254
6905
9381
2469
91
6585
5536
9782
4772
8406
6541
86
34
2146
4741
5097
7818
48
1585
4916
8984
86
1245
4836
4632
6115
7709
7984
8646
7539
9822
7228
756
9937
4622
7408
5869
9916
5134
9609
5111
9021
4038
2382
3278
2552
1082
2085
7487
1073
108
6967
7458
1537
6786
1905
1420
5177
330
7357
1619
6950
731
1920
1571
917
6942
3237
5360
1257
4940
1002
6493
3916
1561
6009
1069
9666
7938
6235
3577
5908
3699
1736
1873
9483
5420
4289
630
5706
3589
321
8999
3121
9711
1809
6250
1936
1661
492
2382
5657
5859
7747
6206
3258
2333
561
681
7097
8212
5329
6464
992
8909
4367
3919
8747
1938
1964
3919
7535
20
2998
7851
4750
7169
5559
5922
7176
2723
8925
4797
9412
2106
9850
4738
5471
5435
3149
7272
324
2584
2753
9723
2718
8146
1988
3170
3258
9980
8810
6143
3215
3554
723
5895
2402
4057
2970
4915
6309
9305
272
3894
9617
5673
3993
4080
5540
2410
7333
8355
7772
7815
1953
5668
1269
6282
943
9859
9887
5426
8771
6430
1859
6116
2512
435
1287
7408
3907
9061
33
1974
5485
3313
9081
7401
6919
7730
3937
4498
5889
6561
6969
1207
9211
6417
7854
7886
1256
8266
9075
5773
5856
7108
835
2724
4901
9430
6789
4797
3832
2928
2833
3762
6428
9046
5251
3136
2668
2382
4926
7099
8041
6876
5618
7843
3638
1755
240
8917
4935
6095
2509
6292
5207
312
1302
6393
2570
426
8932
9881
1042
9819
4688
9094
9718
9437
7448
7577
6415
1772
6561
9774
9461
4938
3296
1648
2714
5738
8916
5031
437
3401
2678
2799
6498
5843
2677
4300
2183
1621
9611
8554
3898
7311
2131
4857
1185
6253
5167
5961
634
5606
9621
7314
573
3204
2522
7096
3983
6693
8162
1581
5432
9825
550
7191
7767
542
8167
7779
5156
5264
3666
8330
6358
6180
2725
2100
343
8079
2545
1306
1700
5091
4208
3136
8249
4786
2153
6434
7821
3382
3281
846
9578
8431
6196
9139
2656
2750
3701
632
1049
7027
5042
7265
752
4242
6748
8797
8686
1387
8357
2707
2213
170
5915
5887
3041
5148
6756
7991
7436
4371
3370
3730
3441
9099
9865
7163
2099
4014
70
8051
6943
7701
7859
1189
3934
9745
3808
2622
4160
5001
8788
9805
6982
9524
4125
2839
7486
4873
7236
3405
1636
1429
5780
1906
2343
2365
908
4792
2634
149
5251
7691
828
432
876
2016
3898
744
4538
5407
6691
8401
1894
8318
9805
3337
2014
6496
3334
9667
208
2095
2061
7828
6120
133
8050
1117
8854
1633
1932
2938
9316
8600
8217
7946
7494
4970
5931
5729
5058
8678
9889
7882
1442
8976
5619
529
2712
755
1555
7584
1393
2322
5952
2808
6557
6707
8780
7826
3406
606
9424
1206
5056
5058
9999
6396
1288
3049
3689
226
5279
893
9345
397
7537
4123
2192
8755
4208
1975
4027
4569
3919
4592
7843
2648
7516
245
4732
1157
3373
9640
2912
1441
9055
2738
116
1518
7707
2567
892
8500
8906
4667
7098
2482
458
8342
4589
7177
4449
5140
2920
1685
1089
3792
639
9597
7677
7362
2554
3822
7739
1046
5795
5475
1690
1471
7890
6936
6838
5915
9627
5246
2362
5081
4406
1329
2358
5065
1776
3689
705
3235
1312
2350
2544
4282
2845
1872
2279
8834
8110
6421
7359
6608
1537
36
8825
9089
160
5857
1714
3262
6512
506
4168
1374
1740
946
8332
8268
4483
4924
2968
7867
1501
2330
3635
4807
259
1958
2051
2365
3712
210
498
6958
9202
8891
115
9280
213
9379
4471
854
2066
9214
5564
6946
6020
1533
5349
2472
7340
1786
7791
3108
2230
5283
1587
6350
4283
3850
4280
2588
3656
492
8363
8809
686
4545
9009
8197
5019
6484
4652
9950
1338
3347
1581
7661
3382
7337
5017
8276
2277
8378
2750
7190
9763
2751
8263
8743
1916
7507
1743
1062
5918
3228
5731
1112
717
8238
7211
1688
9065
5741
1978
3419
7742
6385
8275
3544
9178
495
6351
1288
6821
3078
6444
5274
5740
3095
2936
2363
2989
1624
8239
9044
3226
2266
3089
1668
6856
5482
1912
4223
2215
837
5272
1911
7527
7776
9959
4314
7977
1031
5775
8732
8563
228
194
4983
9320
8098
2286
2593
7400
6402
6897
1949
9220
8270
2798
8819
5029
2221
2400
1044
7389
3350
3535
6617
9773
5704
4737
1084
793
8553
4354
2841
3465
1213
183
2566
6113
9130
400
1969
3412
3545
796
4889
2292
5328
4626
1455
5693
4206
684
7710
5651
7206
406
2041
6393
9856
1736
2964
5091
556
7792
9159
318
5081
2548
6734
943
9909
7703
9731
9353
725
9577
9904
4515
1575
212
7312
441
7622
2564
3318
49
1455
9702
6000
4897
1425
1109
2156
3088
9658
9201
9308
5210
688
9985
5895
2312
2044
330
9504
6383
7118
1136
427
2711
1341
4140
9132
927
8461
4863
50
2847
7495
1575
9621
2863
339
1263
1628
678
825
6331
2690
5365
2857
677
9849
3477
5031
1826
7151
4030
3403
2696
5121
4617
8536
2867
2973
4409
379
2662
860
2757
150
1888
1808
3465
2494
1631
2970
2975
6914
7113
4784
839
7917
9368
8093
1374
7950
9302
7385
9118
8998
8666
6810
2722
6657
4721
8203
973
9608
4832
1788
476
5526
1145
7546
5481
826
973
4704
7073
3133
8577
8846
6216
8164
1828
7050
4923
5000
8351
2693
6839
9285
5549
5247
3193
9855
3741
7500
8005
44
1270
9641
7610
5917
6187
2362
4981
5934
5232
582
982
7041
700
1445
9984
166
9310
2840
2261
1039
3668
4411
2449
3921
8106
4343
4181
172
304
4090
6792
2622
2896
7083
521
3205
2334
2328
9175
3764
2449
210
4692
6856
2561
7996
696
6459
9632
5744
2434
4969
126
1651
4036
8529
6584
3242
7520
3694
498
4508
3149
9783
8885
2010
4783
1620
1241
2365
9798
5154
8919
1198
2949
376
6184
3388
6966
1083
6098
201
9244
9119
7237
1302
8057
3007
7792
9712
2561
2702
3978
5835
4030
4399
2206
943
2422
8819
277
2400
2490
3521
3658
2546
1408
522
2699
6891
5779
9581
8572
8651
5705
8168
6384
9099
1030
5985
9562
3986
4032
6292
6112
1230
914
9150
1314
1169
1908
6505
378
5673
7419
9944
548
180
2173
870
3407
2787
1416
698
5173
9391
1283
1918
9128
1322
2309
9296
7981
456
6948
1448
6909
8861
9185
9915
6762
3064
3699
7040
959
1504
353
5313
3419
6958
4868
1812
7023
1436
2059
218
5045
412
1889
9751
4436
4796
6844
1812
162
3208
7
7506
8249
8513
8755
4080
1821
2236
1930
7902
7772
6990
5428
3714
2663
8199
29
1627
1361
972
7654
9893
8357
2170
5418
4477
381
9656
9653
1141
9776
492
1120
1689
9419
2208
7904
531
8020
5686
5488
8924
9514
2538
4076
741
9697
616
176
6485
9949
8381
6511
2979
6301
9282
8984
8486
746
2118
1350
858
448
3019
1880
6343
9884
820
4976
4125
3446
8414
6943
5058
1217
7405
3329
6256
8657
7847
4277
9368
2652
2887
2544
8699
1092
523
610
9291
2884
639
8153
6045
665
2893
8629
6162
979
8533
3916
3990
7212
8506
8078
9144
9160
317
5819
555
8542
5998
3284
6685
9510
8096
2496
550
3203
7133
5840
6755
5395
5290
3573
6052
3332
1915
6928
8194
8681
4538
4266
5222
9454
2052
2661
837
7656
1620
4243
8208
5537
5333
9061
4428
7970
2626
407
7996
9665
4512
1130
1400
7678
3919
5026
664
8984
6044
3249
7377
9142
6875
2867
1652
3027
6531
5372
3219
2265
2202
6895
8053
7921
275
993
6476
121
2868
1453
4773
2999
2221
456
3328
4846
454
1688
6705
8110
6473
8817
3766
385
1360
7696
1385
5651
9120
8411
8952
4882
3494
4904
2132
6695
480
2142
3527
5458
9599
873
585
9517
5051
8706
532
3882
3832
1102
9734
7758
5784
1302
2536
7842
2658
1255
1261
5000
3921
7658
8589
347
240
2231
6755
6650
1460
2021
2467
5350
3066
9509
1103
9322
6419
7217
588
1947
1836
6414
1281
463
723
7593
1216
4355
7672
9954
4088
2535
1968
2674
2266
9837
7728
5666
1434
9139
6728
4895
9769
8573
5133
8265
4577
5238
2203
4843
1728
5304
2795
832
4376
2554
498
3795
5222
169
2154
1959
4178
747
1221
3305
774
240
4558
7603
5491
5465
1187
5938
1489
1310
8208
875
4149
6650
7981
4121
4535
394
2812
5930
6324
4150
1243
9691
6786
4639
5169
2112
114
8682
9335
7544
27
315
5411
3265
5909
6262
9437
5080
4338
9921
9708
2212
4
6734
5185
1268
4715
1064
9607
581
4861
3628
3256
9816
4331
58
3556
4244
914
5340
2590
5368
9983
695
7207
707
9479
415
239
8696
150
4335
8664
8908
3830
1385
6014
18
3090
267
3140
6489
7531
388
9297
2388
3099
597
235
6090
2632
1818
5266
5967
9563
491
1248
3587
6194
5070
2047
6842
339
2960
9117
1499
3282
5828
1292
5020
69
9435
9452
9263
5077
4853
748
4838
3448
7830
3134
5452
7293
1932
5804
4983
1735
6848
1080
2856
318
6699
248
7093
9746
3307
1185
7818
4753
775
4307
2907
9483
799
662
3501
9749
5703
1459
6582
3627
741
4566
5729
1193
521
4034
38
123
925
6326
7834
4851
1725
4383
707
7259
3065
1070
1295
8908
729
6971
2294
1982
5072
3898
476
9761
8179
4973
3483
7004
188
9082
385
3827
4522
2255
2438
702
4683
2691
3441
8760
8669
9230
2619
2422
1794
4444
964
2377
5682
9197
9940
8868
2069
5137
3221
370
3009
8995
7855
6530
4432
4547
5716
1733
5286
2456
8238
4570
5794
886
1893
2519
3235
5420
2517
2666
6461
1361
3151
528
4955
2289
127
1031
9015
5362
8670
2799
7480
8156
1225
3047
4683
4904
3618
4645
9030
5255
1638
7941
3801
4935
6542
870
8758
8818
2073
9472
8674
2423
2554
5771
3356
1709
814
13
7773
7173
1057
7010
4369
4016
7105
5281
5717
1873
4355
3804
4689
6499
7125
9384
5657
478
2500
1758
2990
2215
8335
513
218
3237
6700
944
9484
923
4713
4175
384
5411
7445
4465
243
5063
9920
1545
8022
6022
9952
4722
7760
3429
101
2586
2953
9860
1552
7398
8548
9795
8639
3043
7517
8260
3180
3161
7428
6482
2680
2532
760
6531
498
2598
2695
9482
1612
2503
3957
2928
6335
3342
6459
8516
5181
1893
4690
2576
2776
3208
8000
974
6770
9438
8866
9723
724
8268
603
171
5859
9222
220
9229
8479
3111
341
2384
7806
5010
522
4246
9497
5418
8329
88
1733
1231
4507
362
5317
4410
3241
3793
7422
4428
9970
8706
2587
3618
5146
6237
3538
7963
7492
1049
9718
3676
52
273
574
9972
4894
2176
5495
7132
9171
4473
4501
6882
685
8267
6688
9430
1656
1523
5580
627
6708
1298
3161
2530
3752
2016
9757
3132
410
2848
8142
9007
9724
7654
1205
3411
8889
2231
8751
4477
5808
9392
1286
3012
4448
186
4463
5426
4421
1596
1605
3004
4065
9665
1366
2598
7374
5612
2236
8689
5283
3257
4975
1479
3814
4886
8505
2008
6194
3234
3755
1109
553
9492
798
8909
3355
5023
7356
1063
967
2837
8911
4415
2736
3754
26
7380
756
986
3447
6482
1994
6989
5345
3275
5034
7561
3892
4795
674
1785
593
3260
7813
6350
966
8983
7910
7763
5837
6508
7286
2069
3524
68
6986
5122
3725
1941
4129
97
9543
3478
3365
3763
1677
2548
1583
2664
1836
3156
832
7797
2187
7593
4717
4004
3398
7224
7722
3933
1516
7899
2091
4740
1755
7523
9559
7571
3719
2849
4286
6297
5890
6231
6860
4915
6457
3418
8222
9642
2187
6362
2581
29
4288
2278
9417
7888
9991
1050
8111
2373
8832
5642
654
5995
6363
7763
6766
980
3025
9872
6274
7099
7074
1947
1816
9557
3310
9812
735
9335
7848
3271
6472
2249
5479
4217
1088
362
783
4691
732
9700
2289
3346
9270
673
3790
3054
632
8541
5793
9817
6166
5246
4125
187
513
4578
5924
6092
5929
7816
7099
6161
7698
1538
2714
7355
8234
9016
7800
3036
186
1377
1990
4427
2492
7774
2459
4618
5052
3991
6240
2694
1057
2106
61
5630
7102
1249
8052
8120
6100
9780
2971
1361
6091
1055
4704
8836
9312
68
2281
7788
177
3412
6409
9965
8663
3226
7242
7728
1331
4377
1415
5549
9068
1512
1576
5310
376
7546
1812
6033
2873
2387
7714
8623
4426
1736
9601
1771
6570
9430
1913
4077
120
9589
5777
8079
4384
2654
2227
5543
5412
59
1196
8631
2111
4223
120
6913
9302
5830
2158
399
592
9725
7255
7282
7351
7829
4549
9082
8816
9940
3602
9381
2999
9773
4230
8395
7278
5841
6254
9113
7880
6406
6601
6460
7585
7927
820
2177
4721
6236
4104
4362
160
43
9506
1796
1388
4127
596
4119
7576
1368
6235
7997
279
7139
5968
967
8762
5036
3539
1836
6727
401
404
9523
6683
7241
8020
1796
4880
9444
8268
8730
738
1284
1595
7275
3230
4269
6086
7275
941
5945
9612
413
9760
2640
5256
5660
8508
3878
8586
6697
7352
6804
3751
9814
1620
940
5280
7747
2668
9447
865
1350
5277
8321
7099
5648
6984
9672
4964
4910
789
4528
5516
6701
6649
3307
4724
8306
9979
2935
6811
104
2563
3688
8921
8059
5637
7496
5375
5429
3917
3548
5406
6039
4986
185
6040
9499
8624
9526
1236
9351
8952
436
485
2053
9099
6716
9837
704
2128
8007
8382
817
1506
9668
7186
9259
2997
5077
7531
9828
8026
2363
6541
885
2097
1140
3195
8228
4302
1873
47
2736
6591
3917
9198
1244
4366
987
6124
1696
7698
751
4379
4412
1802
6672
3722
8846
8989
6012
7420
3814
2875
7053
8981
4408
9865
1306
7020
4658
2043
2529
3838
4863
5890
9379
1088
2475
7112
3089
7479
552
5994
822
3403
5424
182
7172
6537
2060
7156
9556
8232
5380
2682
9320
4734
4936
2570
8804
5188
1198
7279
6156
647
2573
7288
3695
2033
3530
9412
2229
2327
3585
9039
6500
2196
9670
8012
9721
935
4572
7603
4662
8536
2102
1836
1415
2480
6764
8285
377
1817
913
5617
9660
8580
4210
2250
5128
7130
7313
5208
6463
5765
8611
2650
8530
5024
3622
9604
646
588
1863
5922
4440
7188
2212
2140
7199
2659
2925
3338
2465
5781
912
9002
1561
4107
4086
6032
4407
7923
1848
1389
4392
4648
1109
6435
1815
9829
8872
5607
2356
4768
7078
8728
1700
6724
9061
32
2778
1311
5188
5080
6741
6862
1734
5089
8153
3766
2480
9376
3650
7941
3046
3946
695
4199
1905
5489
955
3773
2132
9613
7802
7275
5935
9198
3410
3361
51
3824
3103
5613
9590
9120
7964
6830
3498
3407
3510
9692
6714
9589
211
7158
6404
9048
2292
5244
9485
8700
7479
463
9697
9853
7712
3045
4586
5995
9000
833
4308
2005
8134
4499
5374
394
8894
9436
9747
8123
6087
4084
74
2229
7298
2000
2538
7502
7719
5902
9378
8750
7074
1026
8520
9200
4430
2614
689
1576
6528
3790
9473
3239
6680
810
6051
3789
3684
6575
8074
814
1045
7512
7353
3881
6117
873
9952
7525
3289
5429
312
6572
2356
9200
674
7933
5309
8279
3402
6652
2050
1630
6610
2525
8092
7450
6636
3521
8948
433
3959
7696
695
607
2078
2152
9270
8635
9502
6436
1393
7609
5287
1361
1174
1776
5044
8205
1012
9006
622
5728
244
4667
1902
5040
9498
4620
2578
2063
2697
6873
770
5160
9589
9601
979
5675
9053
9356
9931
36
2200
7362
6038
6098
9998
9226
1177
5111
2747
8293
1749
4332
8256
7964
1119
3367
9643
3654
1901
143
5400
5439
6995
1471
5592
790
6126
4105
4688
3558
9569
4925
9189
9672
5807
4794
4999
5702
6504
5620
3339
5234
4919
3479
4622
3032
683
7499
6742
5954
3061
5048
8923
3195
705
9532
5414
6070
1721
891
9561
6512
4630
8950
6384
2355
1032
2479
9270
108
8040
1339
5083
7295
1468
3513
340
601
6603
6531
3395
8519
6017
9555
7593
5349
5093
2424
8009
2937
4538
2200
6751
1634
6451
3528
6657
8827
7962
7978
5605
5028
5154
1286
9123
9235
5307
7500
572
7846
7
2504
9979
8412
2235
231
2667
7397
4007
5098
1177
6184
4554
6297
6267
9860
8719
3018
657
5336
3277
66
955
7798
7870
1882
9916
1413
8013
7829
2941
1159
2678
2098
1877
1067
9145
4669
4023
212
879
2683
6029
1737
3248
1398
7812
3038
3012
6421
6807
962
696
5151
9200
6667
5796
1425
9693
7023
8203
9615
3696
3380
3218
1096
8857
9211
1220
1485
2311
4952
7029
4946
1453
53
838
7814
2482
536
3256
4608
2380
4850
4373
4059
3917
1865
1963
8387
3998
4856
458
4528
4315
4869
881
994
2928
3940
6132
7550
6803
3690
3360
6297
9649
5493
1810
3041
3837
5402
5733
1396
5190
7278
5498
9707
8377
5609
685
8647
7223
3768
3637
5264
7673
1362
1740
5162
7712
6414
3056
3528
6465
483
1434
5781
6130
6943
1085
2209
9598
4364
145
9704
3599
5824
6768
3274
1709
1028
2464
4422
6001
8215
7027
8
6335
6116
827
1605
6308
3393
9906
1109
1660
5833
2393
2624
9719
1661
3391
4860
7180
8902
7476
5398
9279
3662
4079
1422
6575
6000
7389
6408
5811
8253
2491
736
9799
6065
1686
5742
8961
7237
6096
234
745
9462
5270
5154
7016
9733
3888
2634
8160
6944
7672
675
7212
6802
4831
2911
5961
2087
668
4404
9910
1234
6790
5983
7256
130
1284
4859
2625
7602
9779
4642
3473
7536
6984
7410
702
1313
7543
2660
1040
8403
4723
6217
160
6851
695
3686
3619
5599
2628
82
7633
110
2028
4238
9290
3679
1711
1956
1403
2512
611
6322
989
977
8505
9769
6768
4920
9757
8625
9558
1333
3279
6272
9730
5480
3776
4555
4691
3762
5951
3596
8860
8970
7973
6084
6182
1297
7405
3602
1639
56
4216
1061
5205
1616
6991
5551
6214
9137
203
9706
3306
6848
7570
799
5307
7195
8754
3509
1251
8551
6739
5895
4015
6428
8664
7594
675
6782
5159
4845
2990
6688
7721
5665
1119
6036
9188
9947
1656
8150
7287
6103
4338
1434
2485
8863
9586
7635
7973
3405
9530
2854
2377
6414
2371
3933
6879
327
6905
7616
5189
4300
1191
6161
9760
2430
8965
1735
4189
2789
3487
3438
921
1807
4408
9101
5263
6936
3039
4200
817
4282
993
9846
6441
3686
2671
4070
6896
708
3169
6030
1758
6296
2522
596
4931
2981
5902
3728
1749
9622
2642
385
4219
1835
6660
4768
5498
1665
523
8194
9870
1045
1263
8081
2091
6426
811
3949
1732
2345
5762
703
7020
7032
1040
4943
2107
1662
6019
7943
8435
6790
3370
1671
99
9458
6700
8106
7900
1570
3596
8217
7523
5782
7356
3630
4838
2448
2160
4588
5907
5405
6836
3997
3781
7349
2416
4220
8895
2144
4795
2292
4238
9116
3230
2808
4683
8973
4298
2469
5070
9812
5436
8469
3833
9908
1520
9013
852
2512
933
8762
7140
3848
3776
5791
4434
5494
4562
9041
6105
820
2942
1135
5968
529
326
2140
5593
8468
8917
5960
1960
9727
2531
5982
8664
5863
4628
431
5883
9251
7426
382
7425
9892
5356
6877
3723
7124
4239
2856
1583
7873
5332
816
3855
5132
8842
6380
6421
7053
1414
7595
8642
9290
9144
620
5080
4344
5551
8834
3572
5473
1408
6194
3024
4006
2819
7263
7047
2535
8750
4712
1915
7280
998
4128
2179
8902
739
2302
5033
2099
7876
8374
308
1118
83
616
416
9839
1786
1623
9911
5857
7029
3005
634
457
1562
8941
2160
9430
3175
3721
9651
4041
1435
309
8646
7991
8520
6747
8027
9228
8551
8513
7269
5235
9004
8728
5210
9555
3291
2646
8779
9724
6220
3223
1223
4531
1147
351
6396
7385
4211
7363
8847
8643
9531
7816
3311
422
6305
7692
741
3393
5079
7444
9422
3535
4572
8854
7036
2797
1420
2200
6410
9337
1450
4856
30
2540
3597
1917
7748
3386
792
414
7833
5367
639
7090
5813
1627
7687
407
7245
5033
4333
8279
87
861
4298
2184
2207
4356
7221
867
1386
6065
8505
3208
2729
1821
632
2207
2096
4590
7937
3250
8135
2284
7038
2249
9217
4448
641
8534
5884
5613
112
8882
2168
1155
3470
1048
7467
49
1436
1841
2948
8684
6480
4719
9262
7966
9829
77
9368
32
6739
4615
19
5722
2401
2167
6171
9130
5383
239
8201
388
4841
798
921
1306
689
2300
2136
6716
1739
5832
2688
3377
5016
3125
1078
358
6763
5296
147
3382
3304
7781
3555
3035
2862
3858
1675
2260
978
364
14
7335
6174
2017
2257
4537
7866
6702
8733
2220
2730
2
9013
3736
9831
7762
8361
9405
1171
9614
5675
1256
2583
9924
6480
2597
1487
4628
1384
1667
4265
5508
5873
9294
8697
820
1673
9785
7457
6773
8515
5450
7631
3493
9293
7994
1655
798
31
6541
4179
1233
1238
6607
7304
9980
3569
1040
8267
2692
540
5986
8164
3407
1835
6288
8386
8096
5321
7857
2462
6168
4243
6317
436
6363
4942
3487
64
2
976
8684
4917
335
13
5331
6276
790
8336
4325
4587
2713
2269
2327
3372
9092
4388
7669
3679
2251
3401
4202
4730
8609
178
5757
6528
3419
5265
6030
5177
3204
3123
2082
1137
3554
5832
7963
3314
9720
259
8363
9830
6877
2052
4138
9431
3197
5364
1047
2714
911
5073
1675
1117
6183
3787
5732
5452
5917
4686
544
4890
6605
1601
1240
3053
1200
2110
6912
3851
8044
323
1164
2004
8279
3257
5044
896
4721
1491
2283
9483
8147
776
7773
1789
8274
2341
9224
6447
1561
2749
3820
5947
6470
8578
6149
2275
8339
1849
7529
8325
8792
3784
685
8814
1999
1603
6077
5628
7192
6536
6572
5976
1710
4376
7400
5764
9866
775
7473
5681
2807
1349
5595
2869
9125
9422
3363
106
6482
4239
4271
490
6134
1866
1448
7658
6797
5164
140
341
8042
5772
1823
1115
6874
9319
2867
4297
1543
6602
1048
9019
255
7503
245
3486
2036
1005
455
7547
6357
5289
1769
177
7068
8993
1765
7331
6185
2666
3082
3986
6464
7671
9743
2443
9822
9710
8359
260
3953
4998
7701
6483
2025
8884
4017
1713
7194
8934
6027
2525
2371
8895
9296
7763
1428
2164
5436
9086
123
2422
7087
7131
5552
7745
290
9969
1490
6468
8235
8766
6113
947
47
5027
2685
9978
6104
3699
495
322
1399
7128
6454
8536
764
4167
6341
8812
51
8341
5020
632
4513
5353
2931
1938
2752
6164
958
3939
8728
9310
1565
9865
3423
1299
483
393
4801
7214
2362
1017
2755
373
1445
1118
260
853
2839
641
4229
207
6498
8615
667
3075
129
6001
6371
9356
362
513
3477
861
7758
4207
6956
6106
1188
395
5813
569
1589
1139
6229
3738
2169
359
3744
5366
6481
5323
7608
6724
9398
4509
1651
9730
435
8888
6944
5873
9982
776
6299
4001
9437
5166
8031
9952
5942
2598
5019
9853
9799
1240
1752
97
7128
636
4586
5793
3965
2034
5317
4093
5009
2640
7586
828
1039
1053
1297
668
6546
8894
113
7092
4176
7134
7823
269
6178
1972
7404
7233
8680
8911
5810
4786
9579
5909
791
3534
9282
1453
1811
8209
9369
4153
6623
2427
895
1689
46
3924
7070
8619
5248
1806
5153
1543
5765
1418
9777
5835
895
5421
5520
7714
4843
1764
6458
8026
7778
533
2025
229
9802
1896
6664
8080
8162
6663
8393
1491
6527
4450
3947
4361
4976
357
1142
8561
7848
1918
5530
4931
8061
441
439
2711
7389
2991
6685
1186
5601
2047
4616
6514
7492
7675
5828
5805
7941
6214
8151
2661
635
6284
4319
5646
8904
1043
985
1555
5554
2753
6980
6822
574
1630
1926
7703
4701
9051
8397
4711
1724
6643
5080
9964
2407
6689
7783
6599
9102
1538
1456
597
6058
4860
7316
7124
9585
9935
9121
3703
1384
9068
9657
6954
281
8867
5763
761
1830
2993
640
5807
8252
7897
1505
8971
7563
8082
4359
4856
4965
9170
4124
2204
9205
2538
2976
257
1442
9186
54
8611
1636
165
7232
3129
1975
2577
3335
391
381
2024
9984
4035
7465
3770
347
7895
7001
9623
9374
1782
723
6191
338
1426
5812
6908
3325
2702
3540
1491
1120
4160
862
3351
8128
3801
6783
3726
8858
2135
1917
280
3907
4075
7978
1693
5359
8135
8553
1543
3091
4778
6208
8528
9884
5407
4334
1420
9601
6162
7887
90
3558
9733
173
9015
2755
7011
3242
4900
9381
7507
7324
4362
4643
2958
6888
3483
8659
1524
1074
1002
526
8060
4195
1581
7073
27
2556
7521
9494
5767
5594
1536
7602
684
634
2783
2432
3150
63
3691
318
2289
5746
2261
871
5606
4858
3194
2433
6934
8908
9320
4839
3731
9332
5134
121
2669
981
5284
9907
6227
7949
2923
7387
1099
5405
9974
7695
6036
7831
8233
1615
5465
7352
1665
7718
9289
8265
964
7231
1973
5729
4746
6710
3481
5373
3980
1772
2222
2210
4476
6959
143
8113
198
4346
9339
365
4533
6600
3531
4538
2744
4351
3061
3334
1654
9530
9168
2588
3009
8135
7448
7926
7991
3267
2420
4547
8990
3139
6310
3258
4561
5988
6931
6654
7078
5509
2500
722
5635
2579
4156
5583
1984
2437
4299
5907
2077
9866
9987
6252
7783
1360
3977
5686
1160
5318
5245
8193
8813
932
8525
1542
1932
8777
2199
4315
2293
6277
878
7173
3848
9353
4319
1006
1255
7083
2677
5544
5869
1502
7145
6785
8128
8722
5374
5751
8819
5655
9004
2285
8176
9160
6731
6126
7140
6326
1139
3713
1722
3810
1809
8670
9436
8784
7244
8257
7479
7864
4889
9276
8431
894
5628
9122
6355
3796
6960
7585
4162
6287
1401
207
2351
199
295
3705
433
6083
8526
2103
717
1941
4132
724
2360
257
6811
6653
4279
9956
7440
9624
7626
2018
8306
8375
9161
6832
23
4445
1149
8436
9723
5520
9922
6490
9019
928
6219
248
2561
6918
711
9028
7120
9872
6739
4068
9251
2925
9664
8599
7265
5668
7174
6994
404
8762
8249
2605
2890
3379
4059
7007
6379
888
18
3303
2509
1002
8603
9165
1028
4694
9215
9033
4317
8138
853
2498
5917
3975
9417
9097
5574
9207
1563
5463
5034
208
8635
1491
9859
9690
708
8889
1666
6382
7846
7048
3574
2624
1384
699
6831
7678
8749
1514
3539
1337
8215
9809
513
8579
2634
7890
2309
1369
8370
7975
7660
6212
5879
9466
8424
9707
4768
184
997
5019
3622
8659
9293
3817
2522
9160
7994
7223
3450
3329
8570
9077
960
1179
7399
154
6187
8714
6151
1539
3170
9835
6097
5980
1622
5338
8658
781
2376
3446
9375
6150
6411
4674
2716
5326
1370
2541
7660
2088
9693
5236
6393
6455
6456
6535
519
5060
8565
905
52
7357
5700
27
8819
3360
815
748
1065
8521
6595
442
2455
2072
3051
7228
8393
1686
8047
6355
1326
2906
2702
2525
6570
5127
3464
2252
8936
5992
7727
9399
164
254
9854
6752
3880
1305
3419
166
4885
7862
4649
9387
2708
6952
6465
1289
9613
1226
8530
1488
7912
8788
5478
8851
9091
5004
439
8388
6835
1358
6017
6429
4142
9919
9226
7424
7225
8479
5472
897
9165
6461
690
483
6031
2367
114
4656
8400
530
1257
1886
7618
9647
9868
5166
2685
4255
9997
9750
3521
3136
788
8129
1148
9832
4336
1445
7150
9881
9096
5846
618
2998
4103
3145
7904
4533
8008
731
1050
7205
8830
9635
4068
8338
2728
3558
5887
7607
4450
7594
6183
4548
5471
2396
1844
1728
2630
1894
7070
3456
4187
7979
2997
5480
127
7701
8927
9841
234
209
2595
7116
776
8809
3237
7894
4226
6179
4899
5277
5807
2392
8832
2386
1275
5495
95
3903
1254
1066
8291
1787
1183
1402
8788
1867
2003
1999
7588
3788
1889
4922
8498
2686
9088
9927
8991
451
611
5245
5727
4040
235
3832
8899
6387
2718
2057
6805
7374
8743
7707
1699
9331
6606
1977
9215
2217
8826
4799
1958
2045
6916
3998
6800
4596
9917
5493
2008
2784
8674
4108
4812
6161
8063
2514
3399
5390
3170
1241
6077
9717
8866
8080
6071
3487
7520
9474
1472
3767
7692
9613
7998
461
2571
4934
5973
4550
807
4458
6393
7382
2984
648
2866
7696
2082
9326
4469
3948
8238
577
9057
9531
1246
3825
2535
760
4299
956
9789
8624
4321
3633
9556
1219
1118
5288
1529
2507
7303
4992
8601
3068
9723
1113
4873
5724
2012
6068
9365
2949
9611
424
7319
905
6275
6870
106
5062
633
9086
1599
1610
9666
6035
4528
9448
902
8221
9412
4987
3572
1710
1906
1611
85
120
6249
5582
1733
988
463
6224
5056
9509
9480
7254
2969
7287
2922
480
5217
9362
8606
1341
3302
2444
9770
2147
6346
6957
5373
3999
6246
8444
8538
1114
5806
1275
9449
9165
4822
9855
8026
9478
117
8322
124
7483
7273
2668
4701
2974
5596
2879
1250
4690
38
4930
3417
6493
9650
321
1133
8111
3349
8242
2011
5394
4700
395
2898
1090
9014
6579
6368
5822
6419
8486
5339
8752
4826
4285
7052
8682
2625
797
5939
2321
3304
318
9799
1534
791
5503
1613
1378
8138
3369
9259
138
665
9521
6525
5300
1741
9825
8759
3009
592
7225
2716
4780
8197
2626
9471
73
7704
9876
3352
5921
1766
6345
7290
3725
1360
1457
1538
8881
2492
2535
6802
8443
9837
1827
6223
3996
7364
4706
2520
6199
5351
1827
5816
311
6881
4627
8270
8102
7241
9708
139
8203
1016
5497
7691
9699
725
1037
6071
2259
755
6437
9050
5277
9966
8859
2163
4866
4402
8316
2859
7959
2253
9644
6936
8346
70
1977
416
55
2029
2717
9986
134
2500
6712
2385
2423
1567
9933
179
8641
4200
9451
2761
8551
3814
6688
6016
4925
6607
8665
2872
2729
2332
9165
2641
141
8348
4506
7999
6164
7867
6927
4246
3707
1204
2605
646
578
4341
8360
2029
8947
1026
5170
2585
5282
221
9753
9885
3909
6356
1280
5238
2358
1003
6172
8238
3511
4764
9568
2689
5766
1100
427
6846
4705
7967
543
4096
4715
5583
7670
5758
2352
3593
9168
2752
9893
1337
5328
2915
884
5720
9832
526
8870
8690
2050
2230
4529
6525
961
6815
8373
4150
9671
9380
9937
3326
4344
6713
27
5142
2046
5310
4592
6726
703
8151
6985
9860
748
5754
399
3699
5515
1656
624
6362
1016
5696
3059
7767
6167
5057
904
2755
5644
478
4467
7512
4271
5895
6346
3408
8506
5061
4125
6640
3781
3253
3030
6261
1717
2250
801
1758
3200
9436
4461
3834
116
4613
1683
5091
7416
4446
9384
3195
6003
277
4382
4917
2572
3090
6447
1320
4129
6426
8732
2015
6092
420
1907
2629
4003
7754
5919
2751
9743
7026
3557
8698
4767
4765
5084
6488
3390
9904
5548
9524
7394
2113
9563
9630
7943
404
2211
3123
7131
4023
8920
2924
1771
7130
4904
3291
8974
1891
6148
3697
5680
2705
1263
1859
7682
672
660
6878
9216
8701
237
4648
3139
3594
913
9897
5528
5059
2925
9147
7488
6738
4518
1902
9706
448
2414
1423
830
254
2902
9609
3531
9875
5571
7532
7172
54
2372
3645
9238
3230
8930
9247
8317
8295
2057
6433
5223
9401
5286
7495
1849
9428
8081
8413
2465
8094
541
3513
6603
4401
5854
1361
5032
7054
9114
477
4380
7670
6899
5566
7015
3771
52
79
1911
4066
1482
8571
5068
2588
3397
6815
8620
1221
8719
6082
4599
140
4492
1058
6158
2932
2931
5056
2831
5115
1932
5999
8820
4249
3018
3880
5325
2955
1131
1682
7435
4721
7629
3649
3391
9972
6003
1836
114
9981
6568
5459
4342
1778
6884
1633
4957
3185
1389
8190
9865
2818
1472
5481
1763
2023
9456
1220
623
3000
7102
1903
6768
5581
2729
4858
9433
3723
952
7829
404
6771
22
9563
1909
551
7740
6126
8529
5694
3974
724
9980
1274
9823
851
3921
1960
4270
2681
6886
2312
5845
4671
7390
702
2807
3390
8880
1128
4571
6147
232
2464
5726
31
6733
1892
4493
8738
771
5269
1683
9545
3473
3949
944
4581
4998
996
3771
287
9000
580
8810
4457
1309
5644
9375
9062
4941
130
2292
380
2103
8364
2426
6505
1924
3585
3679
1444
2873
8220
4847
166
5393
7729
4508
5224
5834
3106
2528
7454
1070
6452
5922
741
4437
1934
504
4153
1737
8258
1420
1274
6890
47
3282
4480
2579
1302
4777
2300
4397
6828
3744
6097
4466
6319
9290
9107
7333
5468
8901
63
6416
9856
680
7387
9982
5373
5291
5103
2602
8160
2203
3509
1064
7361
9086
4684
5778
299
1908
9907
7733
4876
750
2244
1406
8543
5939
5871
8767
2296
2273
921
342
1375
5058
500
3984
497
5551
8049
2858
7604
6760
1683
1160
7818
581
4774
9514
6487
1063
3408
5339
4886
8194
439
3371
1112
815
1235
9472
8239
285
9764
1833
9483
136
5031
851
7810
2429
518
4271
6709
7388
2638
2084
8737
2303
1029
3761
5363
1178
8027
8038
880
500
2208
6739
5860
9381
8695
8848
4985
7136
7721
1855
2234
8867
941
5056
9320
8092
8038
5059
9021
8255
3757
499
6175
2581
497
7713
311
7527
9533
6718
5619
4811
8777
1565
4201
4510
2291
4664
189
9747
3919
2290
5573
9915
9804
3901
8538
197
4762
2653
9362
936
1273
2509
9388
5231
3315
9776
7067
1092
1469
5098
599
4832
9993
8193
8208
9249
7680
7518
245
4365
6110
8072
7796
8279
5438
291
482
7424
1769
9237
1517
1647
9193
3209
4672
628
386
2040
6487
1961
6227
2500
8820
6986
937
9575
9537
5751
2757
8076
8583
9959
1743
6747
2318
4672
507
9963
598
7780
2603
5139
550
6781
7605
1601
1522
7405
5702
1343
82
399
6743
1075
9249
9794
848
1718
7732
3575
8730
8136
6300
4825
7961
3378
445
8909
8217
8715
6911
1994
2200
5439
4948
1834
4373
1212
9244
2449
1256
8207
646
1310
3730
5807
2360
1728
3126
8776
4688
5226
5656
1260
7067
2746
3300
9476
295
5447
5090
717
5109
1817
7961
4433
8321
2477
674
2243
2036
9209
5967
2367
2697
4237
6747
7280
5663
3355
6403
9652
2959
9544
8598
4910
4990
8531
8761
5771
6181
1685
5422
199
687
5562
1445
97
1091
4559
995
1116
6675
6620
7379
2775
9268
3364
3131
6143
1567
5195
7936
6931
1911
8312
8700
6616
5676
779
2271
9438
6463
4128
9587
6995
9575
7028
3909
2391
9875
263
3137
928
5905
179
5501
367
9583
3053
760
5874
7824
4329
7444
5179
1569
5187
419
3969
9004
6347
3150
6869
156
9456
1275
6536
4739
3808
8000
491
2569
1950
5443
2071
5669
870
2803
9759
2449
2302
9133
1090
9849
1629
8808
5413
8772
1232
5986
2928
8055
5882
5950
3672
8630
8988
1949
8782
5116
7285
1598
21
492
2156
6801
538
1721
6236
7616
2015
1795
4751
4447
936
7332
686
2834
633
6554
2152
945
9519
181
5521
9384
1903
8371
1452
6386
7597
1146
1564
3975
286
2854
5288
9411
7919
5779
6542
6265
2951
6670
1449
56
154
1463
4421
5564
4752
1993
1058
6920
2597
8701
727
6323
8370
3756
4682
8209
4141
2004
7309
4100
876
2909
394
1554
3103
2764
4147
3704
2063
1240
5315
4319
1857
2171
1241
6126
9200
5595
1239
6080
9386
3977
2453
9336
8026
5977
2219
3282
5174
8372
6207
5100
2297
4570
3932
9285
579
7404
1364
116
831
4793
2214
8908
3686
5352
3347
4414
6323
4678
2318
8368
7174
6799
9907
7917
3341
2418
9482
6317
288
4128
8203
2567
1499
9637
9763
1972
5970
7627
7064
4309
7183
1739
4346
6040
9952
1173
1195
8950
3215
7218
6864
9809
6082
2232
8856
8492
468
1742
3757
2571
1907
193
9800
3486
4652
9494
6394
9528
3891
2864
3912
324
5496
3301
2390
1242
1190
8540
1800
7950
654
777
9317
9737
9060
4076
3325
7181
4775
8807
2508
5075
8055
3455
223
7304
5442
645
9735
5175
8400
4053
7291
824
4896
9662
3363
3354
146
5091
2131
6556
8631
801
7060
8035
4661
403
8361
1495
847
5283
3376
8478
4052
5074
8023
7629
2935
4713
7570
988
2544
8096
1914
6473
2657
5055
1688
4528
5787
4435
4019
9610
6353
628
3814
5124
7037
9717
2805
4178
9714
3499
337
9666
9123
9409
4473
2229
946
1211
7860
8508
507
3402
5213
3792
6337
1600
9198
4693
985
9988
2016
6111
5014
408
6242
4742
7637
329
984
6598
4394
8135
7542
4378
7018
2325
7405
6873
5275
2003
436
897
2072
9883
3947
4532
4410
3768
5133
9856
8676
2830
8932
1988
6717
3718
2881
6704
6275
984
3787
2587
4350
3454
9320
8891
9858
3958
5674
417
5402
1305
844
9090
7089
3418
365
7373
4562
6689
3372
3802
7396
3848
6901
2864
5550
8181
2442
8602
2833
4698
358
5674
8261
9914
9102
31
9828
412
3625
9715
7255
1220
5425
104
2701
1393
506
9620
3699
5073
2435
1930
8513
9900
779
1291
353
7615
5510
8573
2789
5991
8096
8011
8489
2017
497
7933
1943
3759
4929
249
8746
8974
6237
8730
2725
5462
8667
6576
708
8753
5483
9112
691
1040
4751
1214
5342
2650
2845
3600
7225
8118
961
4212
4913
2156
1752
6045
2354
5879
8747
5498
7003
1373
2744
5840
2735
7714
168
4937
5389
2681
8620
1836
6498
9901
5721
4575
5021
1807
4310
5675
4515
305
8403
8591
8325
7843
5756
5591
8975
6315
2494
7566
5602
5882
3514
2850
9444
7277
4120
1096
2294
9697
4285
7135
3030
6779
7152
9176
7574
5958
2713
2870
1405
3278
3659
6851
1501
4477
5573
9412
3621
4420
2915
5486
7335
2317
58
1721
9628
2014
659
2835
2423
9457
631
9816
8519
9009
7997
817
7633
3863
2735
3802
7470
2038
3764
7161
897
7044
6138
9820
5404
2746
9473
753
1442
5614
2992
492
128
2991
5410
5941
5992
7808
2145
768
5726
9897
6535
1153
1815
6634
9232
3167
2350
4785
1236
1848
489
5646
9795
741
9035
5349
8194
1792
1916
3060
3109
2211
8918
8310
557
2051
6897
1879
6260
1421
1313
4249
3767
7072
414
502
6164
3435
4053
1223
9619
168
2397
1044
3529
6649
2060
557
587
5649
891
2600
5841
1543
1271
4812
6539
5271
6554
7758
5048
9289
3706
8378
7252
2390
1248
9588
433
392
3419
5327
1786
1073
6261
814
1732
2559
4854
7129
7494
4606
8025
8995
4027
927
8060
8073
7589
6632
7291
2813
2452
6892
2463
4564
39
5084
3043
7596
8050
3133
8584
4275
7793
7676
5401
3188
6204
1264
3393
3635
2475
639
9420
4890
5148
579
2988
9637
6194
6862
653
604
5360
2828
2746
6590
1735
57
3745
3350
7965
1298
8820
6745
2559
16
9586
8749
616
9938
3718
9073
113
4346
2094
824
1323
9564
5358
8087
5867
850
166
8738
9766
1779
7010
4210
206
9141
512
6330
1003
608
695
2922
3725
597
566
435
8816
7999
235
9483
4321
8793
6117
9684
4849
7489
7308
2441
1144
7643
5807
8248
1835
6200
542
6982
1569
6633
6954
2831
2627
9022
9145
4493
9954
3316
6543
9068
6525
5407
7417
4107
1731
1204
4171
6709
9893
4506
1037
1521
7584
1521
4001
2518
9610
9092
9768
2131
1274
987
1430
9806
1245
1653
9171
6348
3703
4532
7699
593
9639
3737
2568
9224
2766
1265
9223
5028
8032
4080
4345
4584
1771
5389
3154
1748
1305
9534
5639
1153
4721
2054
5979
3792
1603
315
1371
413
8451
9229
7900
538
5925
2341
8593
4313
1642
58
5153
121
5482
2985
632
694
4083
4614
892
5098
2544
4382
243
9816
6637
4911
1859
1978
1386
1210
1947
1817
5935
392
2992
7854
559
5579
8458
3127
5296
1126
593
8124
5866
5776
3361
6578
381
1492
5750
5775
8056
9340
2964
9855
7239
8800
6773
3911
157
8314
1625
9960
1683
9628
8041
8311
6127
2196
733
5386
2760
9406
7855
9221
216
3082
1599
6005
3092
5248
3783
4877
5513
5121
1554
8976
3303
2656
7641
8718
4882
6145
2271
210
9478
1009
9022
5563
9851
3175
2352
2314
3017
2297
8467
4251
1438
6081
4471
4248
2894
9265
4729
8618
1690
1284
3829
9153
9860
4040
6135
6182
2705
2537
8579
2207
6896
0
9431
8387
6363
1116
2013
3870
4380
8591
3173
4711
2610
2028
2242
2545
8723
6623
7539
8335
3539
5166
437
1099
198
8510
2071
1208
7107
5866
8079
1558
9771
7296
6443
7911
2168
859
5083
4288
648
2312
1933
3377
1452
5955
6936
873
3308
7330
381
4948
8190
4646
7626
9798
8630
3021
18
1052
7280
3354
8362
5377
4956
4985
6452
3150
6714
6093
8689
998
2182
6109
1155
1985
7557
3439
7249
711
401
1091
7871
2800
6336
6452
7245
7897
8796
4218
3758
2554
1519
4467
5388
9510
3102
4851
7833
8242
8552
8282
3865
2937
4830
5093
9231
3551
692
8903
3638
5045
7545
9001
3841
3052
9924
2320
8436
622
1519
2911
756
1513
1065
284
5180
8541
5879
2839
9875
4137
3642
7736
6170
545
5463
1304
8234
7282
802
1780
461
2825
5004
4621
1339
7521
1696
67
1481
3627
2488
6835
3229
2243
3493
4126
2132
1328
447
4588
3848
7980
5353
9777
9532
5765
7513
3711
2218
1972
1399
348
3840
7276
2372
5670
2629
7605
2876
820
1186
6841
111
6190
4303
2478
2092
3696
2395
9926
527
5435
5777
963
7229
5804
7943
3743
7133
5441
1688
5995
1706
665
1029
2054
7494
6796
9191
5360
3793
6251
729
1696
3819
5337
1859
5075
6486
8938
1561
662
8095
9338
9830
7702
9150
7762
6531
3893
2571
9318
6365
1152
8356
2099
4886
3391
3709
5111
6186
9660
2183
5809
1652
5592
9604
27
226
2474
2010
5876
6983
5833
8918
8259
4927
2396
1170
905
2184
7136
9258
7863
5184
1594
4316
7328
5561
718
6447
9120
756
32
3189
557
7261
4664
3411
6780
179
539
3104
1079
1611
4775
1484
2782
9205
7135
6292
1036
5695
7592
4723
2219
6296
3827
8267
6810
1576
6669
1092
4254
6495
1123
3828
6567
4763
6553
6048
2437
4477
9181
1617
4426
6766
7256
9147
5953
1710
3589
1082
32
5150
6421
1982
4298
1535
2241
760
9848
5978
6450
2357
5641
8977
7166
1291
3223
1429
3171
1042
7373
9562
8969
9573
1878
1064
83
2441
4982
9012
4087
589
4783
4238
7982
610
9101
4716
8046
4220
3523
8487
8470
7674
8106
228
281
179
3222
1829
6862
178
7820
3857
5591
5331
1633
1490
3266
1230
6773
8589
541
660
3792
9480
909
135
6859
8871
8640
4015
8226
3351
7104
1034
632
1486
475
4196
2572
7202
7010
7335
9706
7770
9855
5732
6277
5090
1083
3635
2388
5443
2750
1159
571
2994
2568
2182
4732
3479
5471
7384
4893
418
1002
222
3595
7673
7342
7221
7823
548
8967
3578
8656
9853
9385
3952
634
1746
9319
8799
9821
2717
5636
2752
4713
4198
9064
3863
6808
6
6181
8976
540
2368
314
2973
8140
8460
2824
542
8841
467
2356
9298
7221
6178
7996
574
5606
6936
6958
6892
2296
8306
6469
9045
3585
6410
5236
3313
8568
3595
9688
846
2728
4713
1162
1888
1266
7198
5058
7320
3265
3927
7234
5912
4882
9265
9090
6358
5411
1742
4487
6335
6123
6556
7642
8286
635
4712
198
2461
723
1375
1106
6923
9560
1333
1168
9518
9669
1993
3460
891
7583
5193
3465
3092
2510
5314
5649
6705
4808
7307
9436
4882
1152
3794
9435
6132
2624
5319
3492
1490
5378
4152
5129
8542
9685
3404
3924
4976
9741
1860
870
9230
6060
9663
6881
4301
8977
5277
4082
6119
1870
4838
9763
237
7550
7260
1711
2878
1318
4510
4472
1609
7100
7487
8806
4448
597
7702
64
5630
2035
567
9712
4954
6271
7266
9282
8492
1779
6554
381
7583
5212
9449
4933
9431
9022
8946
2224
3462
104
4167
8456
7818
4617
620
9840
792
4803
6604
3419
2639
9566
5562
297
5318
9105
6298
6739
8408
8109
2994
8425
7650
6762
8011
8682
4985
2358
60
1076
225
7371
1769
9500
3372
817
4776
2753
5600
884
2548
9324
2652
6743
3509
826
4987
8760
656
6829
3354
4854
427
1680
5815
8993
1300
714
3211
9585
2722
9028
2921
7593
9324
398
9783
1053
4857
8255
4301
738
808
4620
8876
4901
3056
3547
8801
4446
1530
7560
2585
294
8366
1496
6215
456
1852
2236
1444
9652
3805
3656
3174
5785
9976
5445
7892
4836
520
1107
9737
6804
7790
2115
5544
608
9300
6900
703
6987
8482
9516
7454
5174
5540
4346
7625
247
8875
3193
812
5673
2163
3192
16
276
9701
440
8491
1374
7870
1189
9388
9298
1664
1657
2375
6288
1015
8909
7581
2213
1134
945
2033
7165
5427
4590
6230
8006
3337
2265
2397
455
2029
5451
5421
9936
4539
4384
4467
4036
3921
4573
5373
52
4500
757
8418
2366
4498
7181
2661
4806
4712
4366
6953
5331
5189
635
5622
3918
7342
6868
2140
966
691
8907
4936
6952
8898
3317
1429
3117
5979
5842
7221
3139
5668
6736
2672
7889
9726
5517
2108
4453
39
9340
8334
6737
5665
9851
1264
4246
291
1458
5940
6639
3582
1614
7047
4049
7251
2014
1545
1377
9491
8542
4636
4247
135
5651
3467
1601
353
1765
2269
6923
8003
324
6090
1534
7982
884
6029
8566
5486
8155
9018
8297
884
6749
419
2805
4132
8453
9702
5737
7425
263
3657
4070
5701
9523
152
4711
7557
7197
286
1295
9556
4347
3922
642
8646
5807
196
1463
5224
8886
2089
3692
6463
5376
7283
7035
5214
7648
2884
4507
3660
2022
6036
6618
2998
9115
4801
7050
3424
9901
7319
7193
9553
4412
1025
6374
1680
9044
1454
9136
5706
1548
9655
5809
6166
910
1119
6635
3466
7816
796
1234
4062
8883
2630
1978
8258
9458
1582
914
4796
5852
8097
2018
4612
6718
381
2432
7556
139
6594
2793
5962
5541
1708
9023
2288
1889
6209
350
222
4213
6934
6387
3710
2101
1703
8015
7777
4319
150
8296
2192
8916
7524
7552
2485
7272
8766
523
3194
8219
5353
6955
2322
6233
7569
1870
6343
1967
5311
6395
6884
8063
5817
1832
4132
2518
1694
8672
6219
3435
8418
9811
8116
2539
7911
2286
986
5283
5677
972
4730
5838
9339
2221
6712
496
2046
2583
9058
2689
7521
7370
4915
6558
2990
9128
6072
3324
148
5669
5544
814
8090
1307
8751
826
674
9089
3532
1463
2706
6573
7516
2362
335
9735
2198
3937
3738
4624
7609
9647
7648
8116
9682
3929
2252
2300
9491
5600
7552
6806
8848
9200
1893
2792
2267
1929
2943
8611
6371
8028
8628
7045
3352
7816
1997
8418
3603
6437
9502
4548
1156
4624
4067
5088
8315
7609
3964
1226
795
2778
3499
428
987
7305
3579
8435
6047
191
947
2043
8583
394
7083
3500
6023
4575
5391
3269
6887
1076
4449
6904
9771
8990
3636
9750
1845
9302
3974
6556
2841
8945
525
5422
6258
5344
7925
7635
1155
2309
1097
3889
2081
3784
4433
9515
5759
7369
6218
5368
842
7974
5788
7638
1046
1999
2312
6878
3064
9448
9153
4794
6005
2239
269
6756
5179
7807
731
5649
6175
1796
8903
1966
1607
3855
827
8361
2009
1580
361
8036
1555
7683
7911
5157
6253
9724
697
7329
1436
1687
2933
4906
1576
4218
7315
9943
7712
2380
8820
8500
7836
5586
2821
7401
7507
535
4676
1935
7902
6642
2802
6207
9020
562
4537
6493
3112
1661
2335
2502
8185
2234
4236
2790
7288
8795
2585
1038
2807
8256
4505
5300
7616
2967
8716
1866
2955
2488
946
7363
4084
945
1469
9827
4989
4637
410
6679
6863
9658
7106
8806
2903
4970
5771
4038
8399
5002
5476
9409
3322
8898
2193
3161
676
5581
8788
4810
3961
9882
4557
3167
9349
4161
3395
7688
5116
506
8531
9370
8123
7914
7832
7032
3550
815
8509
2864
8307
4223
1727
7737
2175
972
9013
588
6928
187
8180
4528
2131
8852
5294
330
7
2156
1324
6357
2354
1970
156
7919
5026
5751
1980
2980
2614
6657
4439
1486
5166
5730
1711
9245
5120
2644
349
8548
2733
4200
9445
9860
9139
9808
5661
3997
6052
4841
1567
5714
2487
1564
3100
5372
4926
7607
4420
5762
951
888
2116
7976
3575
8378
4287
7701
740
6355
3680
6633
5361
9085
4238
191
9488
6356
9185
6239
6691
5551
3381
8951
6899
562
3436
1707
6085
5811
9129
5035
2250
7868
5578
1172
118
4448
9109
2954
3219
7745
9207
2436
2374
9730
7160
984
8818
6377
419
6056
7580
4439
3429
7037
2575
7274
1028
5524
1521
5043
3026
3766
3029