2521
6069
8956
7385
8697
1941
4167
213
6113
5123
921
7415
900
5581
8356
9936
880
1820
9492
2552
7379
1105
2527
9175
5834
4998
3836
7636
3491
4292
8676
9095
2340
2362
2158
777
4776
3291
8394
6300
3502
1702
649
1518
9695
8184
9647
2435
3813
5499
2763
1889
3929
1842
7647
3361
8690
4006
9688
5115
4731
3859
4388
3382
4045
958
9033
2925
9130
4167
24
4221
1797
4592
7218
8956
3943
5811
7348
3361
6686
8939
8266
3529
1243
6345
1191
3328
1242
2598
7841
6461
4632
8271
998
299
8892
2699
1479
1893
9804
9421
3152
1972
1061
1599
3905
1204
5241
1575
923
1673
9661
3150
1241
2791
8005
769
1699
7776
2018
2114
5010
708
9063
5755
5455
372
2230
3011
7676
7305
280
9928
740
5023
2256
3586
9479
790
3177
3888
8569
7905
2461
8687
4778
5266
1923
1642
3005
6357
9206
9145
9760
1557
2740
9859
9083
2628
7721
4918
9083
4138
9800
2439
3934
7147
4918
9083
8477
5104
4132
1923
1842
7487
1869
3814
740
4106
5909
8681
1795
970
1135
1695
118
1061
7813
7593
920
6686
8994
640
166
7587
9891
4145
9759
7302
6059
2894
2108
8013
8697
7008
2567
247
7344
2269
7679
8654
2608
4950
40
1771
1999
9804
1878
4186
3255
3291
7531
6236
783
1452
5723
8020
2045
2445
2778
990
2240
6777
5231
6997
4374
3344
9179
7305
7950
6345
6150
7875
1478
2250
8732
5918
520
1650
7841
6457
37
6743
7210
9613
2200
316
8234
3426
4762
1941
837
201
8322
4597
330
4088
1697
4929
3352
9857
7302
7617
2158
8662
8991
1795
2295
4130
9784
5853
9106
9721
8488
2465
7630
4983
122
4809
7843
1207
3288
5822
4614
7432
662
6970
3395
6357
9570
6362
1546
3148
857
74
9647
4632
3201
2925
4950
4291
4804
9937
6716
5278
1500
3056
2878
8906
6558
6604
1969
3033
2435
8504
7075
3806
1721
3943
5002
9198
1153
3444
5515
8991
4325
1117
1880
2338
9408
4489
6727
2062
4045
3213
8865
4924
3742
976
3886
4924
6670
1541
5933
3656
1494
5540
4869
4006
6997
8190
8620
1546
4587
3245
2366
1599
1586
5602
3547
5233
7932
1972
7189
2984
4160
9441
5933
9545
222
5849
2062
471
3177
5042
4450
5983
4636
1259
537
8532
4998
9118
1008
9804
9593
636
3724
9844
1602
2158
9843
690
7916
9029
9069
8072
958
4925
8821
1081
5353
8939
211
9678
3395
809
1490
6938
7716
3711
5622
8462
2279
5595
6002
4213
3342
708
4927
3071
4839
2521
7614
8781
4649
8433
2034
5555
8819
2965
1504
840
8994
4991
4932
603
9214
9369
3345
7278
4332
9865
5622
2155
6510
1662
6153
1256
7899
2717
6002
4213
4186
330
2679
1773
4562
2081
5114
2371
7513
906
5041
4762
4605
632
6036
5701
1923
7912
1645
126
38
1241
9837
424
4307
2255
1599
7278
4804
8819
2586
1771
1768
5576
6948
6512
1259
8020
1773
9105
7042
8449
7764
7302
6958
9668
4317
3253
9570
3359
8725
8156
2227
3128
1702
8063
2496
8676
6107
518
9245
8423
3798
7606
920
8867
4145
5040
7337
9613
1771
6300
7479
9248
1362
6686
6716
5156
1480
1679
5889
6768
8462
7790
1975
6675
4317
4463
4809
5488
1348
1619
7832
6993
5492
9236
8271
3587
4213
7879
8939
3531
1359
1386
1546
8652
2447
9999
8152
7344
4423
7143
6620
7192
5194
211
7593
3185
3423
9378
412
1601
4138
9741
4423
2114
2100
122
8551
7501
9891
964
9348
9518
1086
715
6573
2872
232
5674
2932
6976
272
3529
1291
5983
3938
2779
8251
2171
583
8821
4924
1411
7075
2740
9660
9510
921
6045
3830
1975
7921
9214
6071
5983
4831
6637
6107
2177
7125
480
5492
5159
5035
1219
1408
1830
5882
2699
5735
6417
8459
9151
204
6140
8961
9175
4598
8681
884
37
5892
8824
1109
2229
3327
6258
9069
458
3291
1509
1386
2371
2060
6140
6090
3585
9660
2316
5579
2918
8395
1913
8013
7159
4327
398
8190
8376
2525
7361
7963
7917
4043
2007
6985
247
8160
3269
3152
9660
1408
2551
7143
526
9759
5656
2466
2011
438
5231
1053
1178
2844
9834
5002
1081
2633
8504
3279
1352
2496
2338
2551
1053
4641
8164
2974
4700
5075
507
1429
2707
1256
7196
5917
8251
3752
3276
1597
8459
3838
2720
763
1190
6163
2295
1163
877
677
5010
9844
2072
2240
8336
7346
9759
9834
5641
6235
4636
8852
8145
7727
7704
9593
8543
4815
8364
6953
4933
5664
4731
2296
8958
4641
174
8714
9970
2328
4816
9826
9222
431
8961
1411
3724
438
776
6727
4652
2897
6066
4932
2362
3830
164
6490
2266
9441
6255
1191
6150
429
9038
9105
5672
8953
9593
9843
4804
1915
763
2277
5672
6391
3859
9232
4085
475
4471
3090
6416
874
4758
7251
8088
5307
3011
8859
2787
9033
4106
1975
8266
183
2438
3585
5534
7531
3011
946
1581
4729
3303
5136
9528
8725
9694
8948
9049
1455
1332
4116
1720
1685
2652
2528
1530
7902
4555
112
8322
9038
6898
4329
7465
3795
6993
9355
6474
2206
1053
2256
9161
3673
2202
970
211
8017
3185
6034
2034
3357
3213
342
8939
5857
1291
3810
1141
7684
7425
463
979
7636
4804
520
4822
7881
8012
2277
6686
1109
3673
9468
7084
2814
1921
5219
2580
1962
3024
1139
4813
5746
2436
1702
8107
7192
9795
5889
612
3375
9824
8476
3708
1553
4213
8828
9189
7875
1300
3005
2652
7963
2943
3943
584
2217
3345
3093
9369
9876
5601
3806
213
5683
1141
3836
7276
7302
8923
9760
2250
8532
4809
1294
6896
3416
1699
4093
432
7189
874
6601
4778
5731
867
1972
900
1104
7915
2147
4353
4353
4766
5690
122
3177
1615
6686
1650
3767
507
3583
2560
1893
5493
8311
6095
6466
2045
6289
1611
3119
1390
8156
4116
485
1383
584
4125
7601
3838
5917
9202
1827
3068
5140
4506
9671
8268
3285
4035
1642
5672
4054
4504
6071
3201
9970
4442
5457
8656
8852
1681
3181
7361
2967
220
4463
5674
8005
7302
4093
1156
7679
1688
5702
8697
930
4054
5035
4998
8654
5323
7921
2072
5918
8596
489
5371
1842
9999
8218
2293
9519
2568
8725
2830
855
1904
5228
5439
1359
8009
7915
5755
1958
2945
7467
7140
4555
4374
2519
5157
7916
8253
5814
2338
4584
1795
9428
2295
9688
1641
9915
6416
5529
8271
2445
2250
9066
8676
5999
4103
6357
3810
8710
824
9935
2011
266
9428
1373
7348
690
472
9221
636
9784
4865
4119
5353
305
3082
3692
7164
9495
34
270
2295
1144
6394
9232
6258
2608
7738
9595
4374
8218
8312
1591
4865
3150
874
3857
4991
1683
6028
8592
4743
3348
1297
1291
5869
1641
1508
8019
3929
7848
8356
6620
6066
8690
6447
3758
3564
9936
911
5782
2679
1990
1312
7284
3988
9252
5576
2552
4506
1413
6777
9647
621
2803
9155
5638
3529
3888
6357
1820
5307
5023
1592
1793
4935
5086
3838
3945
2706
3678
8991
2528
8305
5278
809
990
4137
3024
3357
3704
247
6203
5086
8891
2709
1575
2478
343
2568
2317
2227
5792
3192
1366
8246
6492
7641
806
8878
8656
6573
7432
8891
4450
133
2392
5219
1685
507
6136
5492
1702
697
2106
8086
2653
5579
4642
3337
5708
7298
6727
3704
6207
3337
2974
9468
3823
9783
95
9694
9865
343
299
2635
4345
1025
7308
8356
9341
5847
8550
4189
3041
5156
877
819
86
961
4515
2643
8166
4374
8890
6369
1571
976
7298
6654
5735
6258
3692
5588
2217
925
40
7143
7361
4869
7932
783
7551
7885
7855
573
2895
1408
8678
4198
6125
1359
5892
1025
9877
2865
5743
9161
6130
1904
4357
4699
1457
483
8956
877
1287
8336
1178
2674
9634
3298
969
2635
947
5608
9668
1359
3589
1231
641
6439
5890
3667
6016
7215
5041
3509
3342
1033
9661
4799
8011
7204
1413
9049
4933
5661
2652
5047
3742
4177
6069
3836
8234
4277
9346
1037
2814
8273
4776
7653
0
146
518
1972
3586
105
7515
6814
8532
8459
4463
7415
8020
9765
9286
3213
777
5874
7970
1176
7918
9049
4822
1601
7593
2431
6218
8231
5418
1773
6666
242
1916
1176
9232
5958
7960
8538
629
1970
5457
1961
3613
857
1795
6036
5562
8763
9990
5811
1313
446
9491
7283
9303
1498
1905
5664
9369
3281
7921
2307
2751
1591
4211
3525
7348
5181
4926
5915
9990
1382
1365
7684
7567
1009
4514
9088
5003
632
5335
5049
4924
776
6289
8322
1990
8271
3525
573
1878
5656
458
4932
8273
4655
867
4129
9950
5603
7276
1033
951
6716
4932
2862
3191
7289
3531
4160
7885
5418
1053
6691
7960
6727
6369
484
4504
8687
5844
1970
7379
5133
977
9936
976
2608
7966
4277
819
8061
8125
8993
6872
1586
38
649
3621
1335
471
4166
5439
4028
4988
3491
6239
6805
6694
3041
9595
6308
9928
6244
5708
6133
7135
977
343
2555
819
8582
3409
299
3724
7434
3359
7343
133
1435
9156
831
24
8993
894
2447
2815
8324
704
3148
5106
5874
4210
6555
8916
1820
888
8923
7743
4584
1273
7991
6573
220
232
7587
8263
7289
1581
8190
2116
6510
5241
7617
2815
6059
8217
3877
964
7380
2753
5297
3848
2598
1346
7313
28
2716
8690
2266
2353
834
6898
7617
9087
5388
8322
9743
541
2989
7218
8701
4137
6300
9339
7966
524
7902
1366
1163
9531
3711
5041
9069
2830
1920
424
8662
2435
7601
6655
1894
4391
4388
7139
4160
7832
5006
4444
86
7609
9591
5708
7434
9475
7736
468
5928
9161
4729
2436
9170
941
9658
4106
1886
8596
2279
925
790
636
5418
9517
9088
852
9986
7991
5106
4125
3888
9355
9087
9815
8652
7636
2200
4032
526
2015
7125
3711
2199
2709
6962
4054
107
5297
4203
2695
1688
9843
9588
7843
5933
5723
1156
9048
5917
6710
9826
2002
8021
4189
538
3809
636
2515
507
2435
9859
1548
9946
3423
6115
315
1144
8569
7026
1159
7129
941
9369
6763
4168
6362
3409
6147
232
1508
6027
6744
9407
7942
1109
4269
2206
7522
1920
2533
8774
7215
1970
5938
1167
928
2844
5844
4831
5869
961
3191
9936
5743
2608
4705
867
2142
3673
925
7764
5499
8858
1273
3232
5540
776
9990
3359
7075
1999
7715
5372
5108
1542
247
1608
959
2574
1628
7070
2515
154
970
7042
8932
4804
1597
3143
4813
5810
3279
4739
583
1681
5159
9175
8551
5418
9421
112
5782
7308
1352
1411
3394
4869
5220
5755
3523
2295
7108
2133
6339
3337
2266
8867
7275
2525
8180
2152
7275
9085
129
233
921
8644
7058
1167
2147
429
6153
2034
4448
3119
1109
8240
2171
9095
8656
305
4031
5765
8520
2652
7195
9525
171
4085
3140
5792
8924
8273
8160
2228
5117
485
8409
4327
4093
831
9815
4620
4041
8125
8774
1104
947
9694
717
256
4489
8681
232
4813
4801
9843
2423
5089
2321
7290
9813
2716
1642
7479
4949
7494
218
5583
2626
6034
500
3140
1451
7344
9095
7912
2586
9593
4166
3182
9619
2653
9465
9915
1040
213
3857
4423
9954
884
7610
7966
2228
471
1291
2227
2965
1297
5543
7553
2171
1373
712
1319
5701
8867
9106
928
6416
4762
7108
2447
7551
7586
7636
1109
3621
5006
7790
1527
809
9695
6976
1542
1575
1242
2011
4138
4809
5514
7189
1649
1628
9369
4655
3346
6136
2362
9698
9088
961
7606
9130
5075
6686
797
5938
3375
1053
7543
5672
2943
1537
6942
1944
2726
7189
8576
3337
1530
9216
6461
1628
976
4925
8871
5003
1332
2515
5602
1921
7026
7361
4325
2570
8821
213
8891
4927
72
3662
9095
5608
8351
8872
2279
4743
3522
2487
1105
2374
7715
9407
9355
2568
6970
2716
2716
6492
9130
9222
7771
5330
4703
1915
5536
8676
1482
6686
3382
5723
2438
9764
5765
4054
7890
7465
5488
8061
857
2002
6300
1178
5105
8360
164
471
3531
2819
7195
4144
6290
1975
7008
9083
1679
9029
627
2989
9519
5892
8654
1860
2717
3453
7276
9156
4130
2062
508
8086
9986
1382
2865
3181
5938
4032
5220
1601
5396
3744
1599
2779
9253
6113
2313
1335
5143
811
6239
8312
232
9118
6126
925
3724
990
743
5915
1312
3438
7376
6621
7550
9156
7070
4642
8356
6308
9527
1346
541
1289
8871
4164
5821
1037
2436
9581
4614
8295
9346
6066
1207
8484
1699
24
8690
5583
1270
3830
1797
9341
1641
1928
2227
8160
874
4447
6140
5529
6497
438
1916
2133
9595
6140
7164
902
8273
8551
8310
354
7058
1037
9450
777
237
94
3934
9588
9917
1641
9684
5579
3848
4932
697
6239
8994
855
1192
370
6339
2570
8187
4592
8897
1383
8714
6222
5651
3128
7479
8958
3352
3182
8599
3854
2674
1864
1542
5136
712
7647
4816
4381
5608
2599
3770
4916
3838
260
8576
2698
4198
3667
9479
1615
8714
4968
3838
8379
1366
2277
5849
2989
4041
3836
911
4642
452
419
1762
7546
8125
8774
19
4043
2060
2626
3453
86
8701
790
7771
5455
9721
9189
7278
9095
2751
5054
2709
1924
4801
3409
9216
8012
8953
8476
273
2930
793
1965
2862
6726
4988
8592
6125
398
429
3391
7627
4865
280
1117
4731
3842
1557
4031
423
3810
4332
1167
973
1553
2967
537
583
680
662
9068
987
7547
8123
2293
4925
3742
5618
8021
857
4381
2599
6670
2444
8488
1615
3695
2567
3177
9326
3128
1601
4695
1053
6247
3024
270
8662
2034
3271
2255
4705
790
2374
3011
7003
4773
8859
8459
6976
8750
4327
4381
9773
9826
5764
9691
735
5765
2817
5418
3134
8107
7676
2653
7636
2994
8457
1916
7879
3552
2580
3673
4925
5677
8917
9695
612
8550
7416
3795
3552
1615
7376
2015
2628
8620
1053
2227
4695
2583
8599
5970
9591
2726
6540
7566
1784
7090
8031
5590
7398
6461
5041
2435
9170
5753
8924
4374
3704
9454
998
5933
9253
8217
7152
8556
2841
8488
5865
4212
7507
1352
3848
8005
8388
9668
712
7881
7140
8755
4661
5372
9970
9378
4054
2438
8540
2876
3000
6339
5677
432
4968
2815
3303
1282
3409
3090
9495
4119
3033
6471
1242
154
9963
732
7879
7790
9550
8152
1408
4943
493
7832
8928
2974
9083
9069
8521
4232
7641
4418
4043
2466
959
9752
2779
2392
2240
1167
8933
5228
9038
8305
520
2083
6944
8107
3213
4277
9341
2228
7467
7278
2038
831
1192
4107
1458
9495
3345
2197
5736
5743
8933
9202
2227
4381
8031
4822
7790
7515
8781
7917
7095
7290
970
4943
99
902
203
4605
5514
1962
7819
2527
6768
6027
1270
321
9428
4977
324
7147
6113
5849
5473
2338
1786
769
9463
5299
2113
266
4189
8644
7715
4592
8961
7307
3191
7950
3190
7487
4329
3082
3444
9155
164
921
2425
5664
6357
2779
1291
1243
5049
95
1551
8231
4641
7873
1619
8442
8646
5511
2113
375
4150
1488
4103
4131
9450
5765
9826
1135
9760
1597
1413
8187
2314
8878
8092
8916
4762
5114
2439
463
6266
7284
3959
2652
6027
6686
4747
8255
1970
6362
6049
4592
76
9343
1204
7647
8240
1086
4031
2144
5606
1740
7099
1162
1771
174
9009
9378
7647
1793
2063
5145
1191
2645
9531
9826
1508
2156
2403
964
5089
5372
1518
8781
8993
1820
5105
3359
8442
7921
211
3859
1362
7819
507
4620
171
584
2652
2034
4587
7284
3905
5050
5228
3830
8409
3806
7289
8862
6036
6654
3945
584
6805
7434
4920
1362
1043
8164
8298
237
4292
423
4327
272
4455
1681
7302
937
5576
1025
5372
8231
3033
9355
2527
1191
3005
8521
426
270
8085
233
5117
4076
3293
6540
9421
2410
4837
9695
3292
7314
0
2841
7875
8819
937
447
4518
4081
6203
7302
5388
8774
1192
5080
1530
7376
6944
5105
2791
8160
3425
2803
7275
3758
5499
961
4747
458
6222
4345
998
484
8785
4890
958
5562
5844
680
2598
6126
8521
8442
9826
9454
9928
2753
1683
7283
133
8388
3602
5105
412
298
690
6050
9341
3361
6036
1335
9303
4006
8596
9686
4317
5515
8872
964
1362
8774
3724
646
447
1893
7587
4991
629
7736
3024
2525
8654
4054
2556
4212
9369
2051
6497
4943
3201
3586
1601
8013
5543
1820
9619
1243
5278
7701
3342
4116
4093
3288
8914
366
343
7601
9660
5731
7627
3285
4455
1721
5241
6036
1009
4924
3667
4699
6247
831
2693
1504
2389
6474
6880
6034
7218
6674
472
9517
5725
4504
2296
2036
5543
987
4562
8681
7715
9033
519
941
3813
9033
4743
9648
3302
5059
4835
7899
2072
6289
1857
541
5330
6726
8013
4448
6126
8750
5388
107
3810
5664
7879
8503
424
2787
2994
4327
5241
1886
5892
2998
2789
2012
9252
1043
9495
1724
2156
9392
7587
6686
8086
969
6604
7550
511
7736
5844
9072
5040
603
3090
6050
1592
3348
6752
9648
8785
4883
2567
8819
2626
9934
4983
7160
1508
5228
7606
3052
3000
5947
1147
5579
4213
626
8824
1319
8621
6466
6178
8012
4605
6497
3224
4743
4109
1478
1025
3352
9648
4773
3562
8521
4655
6970
3564
6918
5529
8364
6127
1470
5035
3108
4447
7432
2199
855
7575
5233
2787
9155
5602
8858
7283
211
8351
6660
179
1040
6300
1642
2177
7212
4704
2872
5161
1086
1622
2919
8891
3068
1435
4043
3116
8219
7566
3426
8145
5909
692
8710
1679
1913
2869
9216
1920
6727
7575
7028
220
2435
9639
7916
1083
9087
5002
7289
8031
3160
8449
1207
5278
1167
6768
2809
9917
7135
5114
280
9678
2556
9827
4831
1086
4552
2266
1569
432
1190
6168
4137
5231
7950
4977
2693
7790
3395
6218
3379
1601
4636
4489
5743
8433
2740
7771
9824
520
813
5010
8255
4933
2819
1972
3888
3303
1750
1786
7881
3547
5892
8312
2217
3621
3890
74
3409
7290
9748
2844
1386
2635
3448
2930
9937
6953
5065
8085
7415
424
740
3379
9095
7522
2674
4103
9145
3375
6028
1537
1289
7743
713
2038
8062
9211
3813
9876
2555
9828
5608
3041
8020
432
8851
4620
8093
1366
9815
3071
6203
3823
8266
1352
456
8521
8532
3416
1256
2250
6675
8229
6247
7026
2814
220
8541
2374
8268
6466
3093
6244
9671
7088
4116
3562
4161
5016
3224
5606
1920
5073
8842
2930
5073
5010
8654
7099
9341
2277
4773
7288
9056
1510
1842
5725
1548
5241
807
2435
2872
5455
1429
118
7028
1844
5161
1944
4221
71
8266
8906
4804
6938
1920
7432
8364
6637
7515
1688
3382
429
9352
1827
8394
3564
9536
3848
3814
884
8273
5889
1642
3711
2100
9303
8939
4325
8055
8360
5664
2250
3014
3391
874
7210
2635
3809
5353
5958
7137
2568
9857
1894
4652
1586
6300
463
9991
1722
6299
7551
3375
5108
9000
1033
86
2266
3447
1007
5047
8093
1646
6357
7479
2590
1361
5161
2328
8305
3269
7124
28
6686
8388
95
5123
9798
4822
2075
9068
1282
4186
6095
1721
9450
1141
1411
330
2666
7380
884
1009
6985
7140
1457
2869
2319
7461
6620
8969
6859
1842
6299
2473
3547
780
821
7916
3245
3842
2230
6140
4024
9827
2144
4882
4807
840
2790
9189
6169
7566
8477
4455
2313
7278
877
1597
1569
387
272
1362
342
1059
7617
9691
1597
7461
7790
3279
7963
1961
4689
9088
9535
7848
95
4013
1921
1452
9303
6113
1863
6218
2800
5701
8858
641
7288
4608
9752
5396
6239
432
8882
4327
1952
3224
763
7465
3739
9372
2673
2590
9189
1597
3285
1348
9343
7922
825
1380
4552
5393
6976
7196
3014
7776
2200
7950
8152
4353
5145
5050
4329
2695
6457
489
2478
2332
1650
5488
870
446
776
4813
5089
8107
272
1860
8218
3574
3068
8882
4291
328
9068
6763
6153
5796
3810
217
1332
9359
4297
3018
4605
4177
2116
3018
1139
9088
5601
8356
790
5674
9694
941
2305
662
7879
5882
1702
8021
6970
1969
7482
2652
3327
947
5702
3945
6605
9222
4025
1332
2002
5874
4515
1551
9818
4858
447
5810
7715
2007
1332
5231
4024
5159
3143
3143
7601
6126
7736
8021
925
8263
8266
351
3119
977
7942
7950
6397
1869
2447
6716
3108
2552
7204
9917
1905
1869
2338
5003
1479
7915
2314
621
6154
7155
2552
231
640
8824
8890
1348
5671
7812
6016
1137
9372
6397
8379
8814
9936
8219
9773
8459
5133
6896
3391
2627
8240
6203
5511
6290
5492
8652
2114
2814
8916
5159
4085
1772
410
5231
4032
8063
6262
3148
4150
1088
232
484
5492
1386
9658
458
9834
732
1553
3395
1043
133
2895
8540
1889
7284
22
9392
8430
2436
7760
4882
8379
1970
5228
3586
913
9798
8430
3877
6016
3890
4024
2150
1153
8710
3938
9151
4364
4515
2021
3816
5388
1097
8019
5796
8852
3758
2841
4088
9680
8842
9355
74
7899
5606
7155
5811
2643
3574
3661
1109
4968
2261
3547
1965
946
1673
3502
5618
2296
7771
2853
8774
6417
61
1641
4689
8933
3838
51
5946
5393
7416
5608
6400
1893
9339
1685
6921
419
3056
2305
4444
1619
7206
4146
4161
2699
3302
1522
3361
6289
9352
7283
1093
5089
2444
4028
468
7513
712
7251
2693
1641
5811
4504
790
129
7251
5372
7915
468
9463
8332
4613
6993
1894
6394
5583
3160
8184
5115
8013
7125
7314
7305
9105
1972
9133
8560
4924
1488
5857
9202
662
1128
2332
8251
3140
769
4801
8388
4083
1662
5735
1527
3770
9385
328
4107
5555
8852
6067
8994
5473
398
3271
8245
2389
3667
6497
3349
7385
6923
5661
5388
9937
6107
8822
961
5900
5695
9550
1591
8690
5595
7921
8750
2371
375
1204
3836
6239
1615
2634
4632
1518
3359
6814
2700
8062
884
5004
8108
2332
9408
6239
894
3886
9795
4927
3813
2551
1097
3934
447
5297
4652
2925
1740
947
5753
8217
6463
4211
8266
6880
7344
5750
524
1941
2700
3213
3830
1300
1750
8906
5847
713
3107
3367
1607
3551
2353
2438
343
1286
1104
330
3232
5250
7155
7776
51
8013
7140
947
2136
2218
949
5529
2895
5999
1962
913
8055
9236
9221
5844
8785
8621
2338
8917
7881
7385
9999
1772
751
3857
9056
4081
8295
9355
8814
2436
9612
1464
2487
4835
3551
1864
5231
5492
9009
8732
375
8088
1332
5003
452
1040
6573
7710
8701
3367
4025
7515
2930
2897
2572
6394
1571
8072
9463
3662
9691
7636
7436
6069
7902
2709
7553
5909
5985
1569
9837
8994
3143
1482
5890
4514
3873
9495
7416
834
8005
8769
4327
1482
2551
573
6089
67
7288
5900
3580
1732
1135
7684
6049
1287
7522
6016
2374
763
708
8897
4619
9248
1480
484
475
4031
5601
4552
5315
1542
5439
617
8298
3285
9428
5156
1109
9066
1633
680
2108
6127
4212
4130
9877
7313
7881
4088
3345
9179
5795
4929
6048
3583
5672
873
6002
107
9407
5473
8442
2439
7843
2218
7306
4743
5711
7671
3888
8462
692
2152
9688
2520
3525
4103
970
3416
5674
8298
4221
3704
1859
9593
6233
3667
5882
6471
129
8714
1352
8488
811
5869
900
3181
1202
1081
1871
468
6447
9759
958
5889
5847
5622
5702
511
8824
3453
5353
2872
9759
6569
8923
4186
6417
8892
4747
8503
3426
8017
2305
4228
8916
7950
5672
7966
9252
6237
3148
4232
6743
438
6942
3150
8520
4131
9311
4045
6604
3279
9369
8184
5608
937
2062
3810
5601
5065
3698
4480
9570
4890
5194
37
4132
3000
7515
2695
722
292
7890
2674
6150
7289
5731
9525
3838
5736
9678
2171
393
4731
2115
4200
793
4213
5821
1300
1641
1553
3453
7075
3071
5821
3279
2698
5115
1879
8240
9928
3024
806
4287
3348
8750
3491
913
5254
8011
3276
776
519
8541
857
6090
4587
8725
6694
5357
3938
8961
911
2709
7290
7610
1365
9615
3150
538
9378
3367
7550
906
7344
6953
8914
5847
9517
3375
2424
4773
907
9528
7566
2706
1997
9378
3224
8156
2461
627
7234
6859
7609
135
7132
5792
485
9236
9063
5254
1470
2570
6048
3352
3580
4297
7164
3426
8897
1141
9252
1470
6601
3143
7101
7848
6621
3107
252
8958
5605
5145
6726
5918
3692
6300
7813
1014
1104
5003
7088
1722
947
2219
2240
6558
1348
1961
2316
7434
9495
9581
7003
7873
9369
2815
9683
6222
5742
8430
6898
8433
9133
3160
2222
2567
715
2177
7070
8710
2100
9248
1162
2155
3116
472
4106
573
2679
9348
902
7344
5622
5047
911
2673
5765
1313
1576
7152
920
2869
5755
933
8009
7873
969
1683
3580
5133
8890
7205
1569
8710
8218
9156
8263
9175
9828
8521
2114
4514
7963
1151
3574
5821
5917
5735
8532
7513
8055
3291
7601
1031
1163
3071
4489
9029
5822
7095
7313
5900
8582
8240
3126
4447
3152
4998
2967
2227
8332
4471
7344
6163
9612
1135
7352
6666
9721
7701
9510
9935
8953
7119
7125
5133
2930
1104
5145
2214
2133
9986
9145
9068
6107
118
708
964
7899
4597
4210
8266
6993
5893
2313
1429
8364
2332
9072
51
584
1156
2063
6696
3292
4221
8785
3143
8960
8273
5492
4555
1601
4747
6236
9695
8394
1297
3770
9698
3024
1159
9519
2389
9640
8596
8814
7873
9963
1464
979
8592
3744
6674
1291
8852
708
5661
1740
4270
7101
1999
8093
5735
8433
4632
1893
4933
2113
8882
520
1683
2574
797
8781
1650
3073
3014
448
9056
7028
5606
2114
71
9613
4391
2989
5136
9214
5847
5618
5655
1835
2698
2520
3255
4119
9688
1646
7875
7950
9921
9535
7070
2083
2214
5108
8520
1362
1464
375
1893
1313
9167
3276
7575
1147
4085
72
2453
7531
112
6218
8305
977
8409
3416
4700
6805
9590
1345
5889
4831
7684
7212
2158
1578
1128
6805
1300
2204
7912
8969
3838
3724
1366
7609
9950
3444
4977
1842
7159
4608
8020
3340
2115
4345
51
6601
5534
4028
780
1192
9917
2872
7169
1286
1685
3667
5536
1732
9639
4041
2307
1604
8092
8851
1662
2295
447
1664
6512
1259
126
1695
5534
9468
8953
2374
3586
8994
5701
9970
8123
9759
6127
2371
920
507
4146
4307
5418
7155
5792
6048
9343
2447
3698
1651
2752
1604
7546
8322
6962
7743
7212
6266
3758
4041
7289
8601
2011
203
9003
7140
8928
5395
2925
6923
8814
7255
1365
1043
946
1735
2204
8324
3379
1231
6218
3929
5457
649
8350
1608
4353
8164
7764
4144
8865
5608
5583
9849
4438
6115
9595
8263
5315
2853
2574
5814
171
9088
7646
446
9407
8621
3742
4032
5958
8108
9242
3589
6394
3438
715
3447
2425
3340
8411
6235
1608
1380
920
9255
7550
526
1871
2072
5661
5677
1859
2007
7942
9088
1905
2814
7302
8774
6880
5708
1641
1086
1894
6752
5105
6169
2012
4103
424
712
8550
95
2423
1721
7551
5890
394
426
3182
976
7283
9826
9528
2034
880
2627
72
5755
1961
5755
9095
2699
2830
2528
2036
6266
1270
7432
4778
2445
8556
613
9450
4858
9479
3988
3059
6696
3033
6150
763
4592
4649
9242
5844
2207
475
7070
9087
1614
9408
2919
1894
7352
6948
135
2062
9133
5847
4210
3073
6019
116
3107
260
2778
8433
4761
9510
2037
2984
8253
7866
3052
825
7606
4799
3285
3116
5764
3813
3416
8960
8646
7636
1916
8592
9936
8697
5601
6970
5664
7398
4043
1835
1345
4317
3959
3848
7998
9454
7522
146
5388
9764
4451
6752
266
5123
6447
7684
4835
4815
3836
1891
9348
969
7547
1359
3328
2706
9668
5746
2002
107
7566
7132
8656
7609
8865
7843
4130
5299
3068
8819
1386
1219
4161
7513
8621
9695
2011
2436
2634
9054
4032
5810
2313
7379
6447
4317
7873
4450
9248
7932
7152
7289
2791
1597
2060
9824
5755
4297
717
8488
8890
4988
7137
2699
9095
1673
4865
2572
5418
4929
1452
1835
5874
6391
2453
2018
8687
270
1243
40
9222
5299
4345
7192
3988
1429
1297
6127
5849
8652
1968
8842
3269
9527
3052
7841
2075
7346
8005
1586
5228
6357
5400
2156
3291
4636
9800
1645
2083
5638
3348
8763
7771
3014
5579
2830
3059
3859
4032
1735
4562
9950
1615
5735
777
2519
1914
949
6036
1059
9392
1720
1137
4559
8656
6133
1642
1619
292
150
4317
3564
438
9891
6362
1990
2751
4837
964
2228
5002
4177
3888
7290
4210
3495
1931
76
1043
3201
8266
6369
2204
2230
7843
8088
1009
5796
5847
5792
2340
4129
1860
3395
7255
9999
4228
5562
1651
5254
8488
9686
8009
3752
1599
8656
8517
3547
6027
4882
3714
649
5847
6089
6461
1300
4717
2018
2568
1294
2177
6655
6976
4213
3692
677
1685
722
2666
466
247
6218
7701
7379
7276
354
949
8763
3367
3929
1635
5529
2628
1312
456
3813
2106
8923
1915
6461
4291
8860
3945
1408
3056
7090
837
7867
6896
1893
7873
7563
8729
423
8916
4717
3177
1857
9216
9167
1241
9428
6594
6474
743
4167
7507
8993
7467
3395
8088
2266
9066
2789
7487
613
7477
1163
7361
1685
1999
677
1050
2403
526
4116
9145
4766
930
617
9095
7348
3877
9752
6362
2266
6290
8180
174
6805
5731
8543
3416
4447
8394
7352
7380
8814
3361
3854
6345
5671
1504
5536
2581
9371
9454
8433
2989
6985
6016
211
3959
2815
2200
8569
649
3098
1641
4232
3396
3375
4968
5106
1522
432
2830
3522
4703
783
7922
8351
4703
5159
8093
1924
3877
6050
1128
813
9088
5821
1192
5938
424
5514
3938
8476
5742
3108
4883
4024
1573
2918
8662
3090
5220
211
7205
2012
9179
4641
4213
2706
880
3714
6573
9252
5918
4107
2447
4531
343
4145
6958
4083
692
6203
6203
4132
1575
2410
2374
7218
8484
5228
4212
2599
211
2425
1480
5104
4203
831
213
1346
1820
2469
1202
9826
2560
2316
8409
5711
2903
1480
6744
6237
9934
8714
4813
6220
8763
4212
2567
9518
4448
2158
6666
5641
8152
8166
1571
3547
4345
2895
2724
9518
8646
8411
393
1083
4943
7278
900
4584
7679
1944
7344
4450
7137
7352
2266
5156
6976
3364
2528
5576
3943
3005
1649
2261
8532
5853
3250
5133
2778
1104
3191
8872
7210
3763
3269
1429
1671
9048
7026
1191
6694
526
3382
2269
4144
2520
1359
3018
1633
7932
4916
7563
7627
3890
7771
1879
1530
2574
9326
3495
2034
8229
4531
894
3739
1109
4200
1084
201
7119
561
613
2556
5985
5909
3848
2494
2552
4213
2374
1040
4364
4489
4515
6455
5651
8826
2555
493
2800
3298
1490
3724
1768
7487
3704
2967
1137
9531
8517
2998
5065
2528
7139
3201
617
2819
4144
526
7298
1009
2467
9454
8092
5114
3673
203
3795
5683
429
4125
831
6090
5742
8185
9465
233
8200
4998
1009
7676
3005
3018
1604
1105
1541
9054
4739
7139
5590
8732
3201
5023
3364
4353
809
7813
3024
6095
3823
5250
1735
3396
2150
925
2116
7135
6569
1551
8125
9928
1139
783
9236
8725
1411
1470
37
3232
4137
4504
456
199
4552
9066
4388
5540
2083
1219
3185
9891
976
5822
6654
4138
8234
5140
7606
1662
489
4676
920
6601
233
9891
790
9698
7482
8476
5606
2156
8851
1905
6192
1202
4575
5695
154
7575
1968
2556
2752
5909
6872
9849
484
2800
7461
22
452
2256
6090
133
7416
8253
3770
6236
9475
8200
7070
1457
6958
8644
8948
9752
1435
366
9684
2338
9527
2255
280
9527
8769
4804
1928
3302
2034
5882
3190
3148
9591
3795
1685
4119
4729
4766
256
1830
6027
2115
7743
6918
7314
8520
8360
4024
6604
7918
8750
9378
2919
6710
4131
9545
8054
7902
112
9145
5529
1859
9221
7343
5909
7531
8021
2015
4689
4317
7764
9063
7487
2108
8829
5579
7337
873
8521
4467
5200
5723
2015
9385
276
7284
7715
6136
3798
561
2552
5114
2841
6601
5796
4704
8013
1008
697
7206
1319
7071
4916
7302
6239
1607
1503
6308
1289
9527
4186
8013
2222
2338
1478
6416
7275
266
3842
8906
61
3345
3191
4444
1093
5543
4858
7630
8928
5323
1916
7372
7192
8819
3509
5270
5915
3395
1527
2313
280
9000
2447
8852
5276
7028
2778
6308
8246
1965
697
8156
7848
6140
621
7028
9465
5622
8379
9087
6654
1768
387
792
5499
9857
3495
2482
4700
2362
4107
8271
3098
2445
2473
4012
1324
6670
1546
252
9891
3340
3108
4232
9095
4587
9063
6962
617
8217
1673
5851
2674
1139
218
1904
7790
6743
2943
1650
135
3730
2204
2403
8569
5231
7567
979
1915
9392
3342
9743
8924
5323
7501
2819
1084
1591
423
8878
6169
9085
9095
2919
273
5938
6555
5702
7855
4837
1509
1578
3873
171
2598
2679
4138
5105
4228
2431
629
9326
2007
5393
783
8676
6573
1685
1007
6002
5925
7647
2133
4967
1500
2167
51
5473
2717
629
5765
1508
4186
5853
9990
946
990
5315
5764
6168
7942
1905
8560
3988
5750
6534
4799
928
2791
5049
7575
906
9669
5023
3150
67
1122
94
24
2314
1479
6002
4927
776
2753
8656
1732
7646
1548
3547
2374
2176
5999
4598
3558
8906
6034
354
1037
8521
5278
3245
9915
74
9946
8994
748
6002
5041
6872
1894
2007
8681
5499
9748
7028
4481
5661
4428
6938
5983
493
6710
2015
9765
3250
6136
7522
7547
8842
6222
9156
1646
3182
9684
7812
5299
3361
9346
4587
9928
9063
8388
7922
4177
1527
1732
9843
6670
2815
8231
5353
2051
9286
4918
5194
3763
1635
8351
9408
2293
6417
6178
8088
831
9935
6512
2527
2790
837
4221
1204
1204
3564
466
7593
2371
3409
8823
2872
5388
8198
9392
2295
5603
9695
6187
8991
7760
9517
704
1649
5947
372
5023
166
5439
2598
2478
713
489
3185
3423
8969
8933
3367
6763
8993
9069
9118
2652
5488
6914
2945
8360
1457
2551
6130
1641
9950
4456
6192
9764
5708
1633
8576
629
7601
1592
6265
1740
2062
9818
5123
3857
6045
3344
8774
7966
7776
7465
5106
1122
5228
8156
1139
7819
3185
2819
3491
6594
9844
7630
7867
164
8240
2521
7736
2570
6654
7101
4704
9009
6490
9760
1880
7627
105
1435
704
3547
8251
2581
8620
6601
662
8240
7376
792
538
6049
7140
1498
519
4967
1928
72
2439
9428
612
3495
3763
837
9658
3349
1083
2943
4116
9950
603
5711
4357
3185
6573
4514
8551
4761
6163
3890
8152
3344
9741
3509
3098
2943
2228
2570
4212
8872
2150
1490
4489
1924
9441
1997
775
7276
1093
5233
4024
1482
8851
6970
990
5735
2519
949
2673
2332
7875
3256
2374
6345
6153
8411
1061
3656
2219
3562
8560
7234
9999
8865
7567
2528
6300
7771
6153
8017
6942
5200
9068
8851
9695
410
6154
4186
2653
2136
4700
1509
4357
9963
6604
5792
4890
2989
9206
388
5108
8125
4325
1697
204
28
7288
1905
1312
951
5372
8878
8621
1411
9005
987
928
8891
6457
8246
8379
1614
9421
5115
2007
2865
6187
9130
6621
9798
3292
2197
3256
8520
7313
5882
6147
2567
8969
9632
4138
4132
3752
8923
3005
8190
468
2250
4758
5278
86
6045
3348
9202
9535
276
9695
2720
1093
1571
4300
7833
2207
2197
5543
4025
1327
4700
9518
2790
9216
1915
1025
1300
9054
4480
6997
5690
4448
2466
8255
9784
2903
5065
4177
7155
537
2158
1117
8543
4655
9574
1522
4076
1518
3134
9242
4950
2037
1724
748
4125
51
7879
2570
7855
4024
8409
3667
5683
6463
6962
712
2869
1771
112
3056
8729
7515
9669
7736
561
9954
4481
1312
6306
8145
2570
7204
6289
8430
4801
7482
2496
5104
7099
4024
4925
5400
6569
3134
1289
824
7155
2427
3905
4364
3767
5473
8969
9695
4865
7867
6050
3191
6637
933
4388
8105
4988
8477
1081
4642
7479
4943
7963
8842
8785
9105
4291
1952
8704
5108
9083
5641
4804
8108
2473
3100
4451
8826
8005
928
107
5938
627
884
6997
7917
3711
4597
466
4523
4457
2108
5140
8755
9463
5181
252
5356
5814
8072
6235
6948
9570
8851
8231
2072
7275
5882
640
5970
6976
2295
8298
9392
6207
8379
7385
8185
7630
9286
342
1990
9764
961
5157
9198
8072
1382
8012
1972
8488
3014
7738
7771
9818
3547
9698
95
9408
2791
6336
2803
2574
1573
4705
4186
1204
2207
1494
9155
1313
6262
8961
375
183
7960
2998
958
9407
6569
366
2674
8062
1619
7855
7879
7885
7095
7543
273
5353
118
9857
1382
3714
6113
8433
6655
3090
8266
5371
1488
7099
3190
9492
5917
613
3888
4689
921
9130
9647
894
824
6474
584
1941
1673
2392
5136
2634
4699
9928
6573
7217
9479
4703
9385
8891
7251
9087
4221
4467
343
2277
6896
4213
1050
1709
3143
74
708
888
3695
3337
8662
480
1242
5701
2279
9463
6424
990
2100
7684
5562
8958
5970
3423
4977
9253
3695
6400
1928
6674
8105
959
961
8021
7305
4699
2424
6439
471
1771
7206
7629
1510
179
6147
9748
831
717
7627
4232
3558
5156
9990
4012
7586
9408
7942
704
3744
7922
4054
4605
4816
9798
9550
3293
941
9950
8442
7727
3580
7538
1592
330
9088
3108
7832
8268
8311
4116
7218
5974
423
4291
2156
4138
8862
447
7313
2527
7337
431
2974
7966
5595
2925
5555
9639
6424
6002
1297
4695
4655
351
7482
1243
4131
1510
2466
5534
3758
2100
5276
2403
2045
272
8409
8085
6089
2218
3082
7630
3673
1601
315
8823
1014
6923
3574
2116
1470
2100
5714
2072
3090
7586
9385
3357
9253
1219
2778
366
8332
951
8166
6942
6237
5755
2984
370
8556
8560
900
6621
6028
9950
9056
3182
9198
5915
6220
7487
1530
1093
4619
1586
3333
3708
7738
3795
6255
1352
5918
4292
1162
4592
3359
4717
3093
5327
5755
9009
1128
4998
4858
1482
3495
7647
2465
1504
9613
9636
471
3303
9934
646
1941
1273
5555
5035
4093
4920
5006
2158
5753
3409
1241
2410
951
5725
6089
1312
4762
5603
4287
61
61
7461
9206
5335
5157
2693
8958
8842
6417
7361
2106
4531
3291
902
9632
6028
3806
7743
5746
5743
0
8332
626
9591
7434
1383
3005
8897
6620
67
1597
2903
1151
8105
8550
840
5601
2228
9048
9934
9837
4641
2274
1615
6463
4598
2925
4012
1117
3269
3197
5655
4642
7465
6113
1711
5746
7302
7378
4815
3502
2872
5133
1382
9844
7008
4822
1962
1510
5765
331
7218
6654
1503
2200
3048
2494
8652
6620
583
790
4203
1575
5882
6300
1498
5250
2791
9632
8861
2167
9242
4450
8991
7139
4778
3830
9937
6463
4132
8273
4531
2494
3661
9545
1190
9615
3823
2425
3783
5108
1411
9352
7215
1597
3303
7771
6150
5457
3877
1717
880
2599
855
5143
1494
1117
1219
2204
1726
179
4773
6512
3041
4119
5711
2114
343
6471
3052
5543
8621
717
9519
7501
977
7108
2202
3890
1190
4929
2925
8729
2930
3661
8890
7434
3586
6962
4012
2791
5869
1553
9068
6872
1683
139
9776
1300
8190
2155
9189
1348
3128
1662
5370
2635
1784
61
4232
5970
8859
8423
1508
2594
1793
4456
508
4012
489
7071
1920
8054
3333
7647
4924
2551
8180
9619
1464
9253
958
2295
2171
1604
612
5765
4085
5156
2574
7833
7028
6067
4506
1163
2366
3100
7609
1681
7617
86
5714
662
8185
9963
8953
217
4166
2133
1135
4761
105
1312
9593
1382
4689
7376
4164
902
260
2156
7501
4109
6336
4804
5821
1797
6019
5717
7912
3564
7276
9519
1633
3059
7629
646
8819
2598
3551
8924
6207
7731
2581
9783
8160
1312
7434
4700
7671
5327
8774
7124
5356
183
4160
112
6125
4031
5655
9536
7764
1191
1488
2217
447
387
1844
4317
1699
9619
7586
2228
6942
9221
2133
7152
7378
2652
6670
8729
1962
4463
5004
5702
1575
1259
4138
7306
1117
4705
4504
2521
2155
5714
4381
19
8020
1291
2965
4054
8245
2136
4130
2634
3929
2574
649
5853
2627
6874
715
5844
6336
74
5655
5337
9104
2527
2845
2800
5731
6050
6081
6220
8433
7070
1869
3929
3848
6620
6985
1144
5725
3302
2266
8764
1880
6416
2608
561
7507
884
2444
1411
133
8457
4374
7477
7641
4649
1702
5595
9087
3007
8826
5821
8521
2932
3602
8687
342
9748
7606
5853
1151
9999
2461
4977
3564
1664
6555
95
2036
4168
6154
5140
4632
6675
4200
6569
3007
8085
1137
1915
7653
9355
5765
1879
2274
6691
2465
5455
9743
9286
822
370
6604
5655
3426
7313
4428
5849
5040
6244
8005
6216
7337
640
4739
840
6512
9632
1219
7088
1557
3823
5089
4300
6670
4107
9095
3119
5003
1109
834
1167
8295
964
2100
1894
2435
4297
484
8576
6391
8906
7921
6369
5695
5822
1408
2353
446
5583
1242
2700
9056
2435
2229
6237
5890
2666
2319
6914
973
8198
6369
3140
1522
1551
9991
3395
9669
4991
6069
2568
7129
5473
5695
3232
7676
6153
690
8721
5583
7132
3128
201
9615
783
9072
2726
7434
7467
7646
3724
164
7042
1031
2295
9652
280
3395
8560
388
9934
2699
5810
3345
1504
1695
831
7204
5555
715
4144
2314
2839
2994
4032
7124
1546
5285
2726
9519
1724
2789
4822
5157
6308
9495
2528
8822
1287
5106
5181
4211
6859
1722
2328
3929
1479
484
4925
8187
1697
4813
489
5041
2240
8322
5156
9179
1772
4388
1695
2392
1920
4918
2525
2274
2167
7099
5947
7461
471
7372
2895
129
9133
3014
4270
959
5579
7875
1161
2790
9003
8948
6896
3024
51
1673
3886
649
2277
9421
8240
7813
8125
7378
9326
9857
3041
6455
7515
2314
7289
8704
1105
640
7716
8229
1762
1771
2133
8569
2945
2115
8872
8958
9106
6233
4652
8105
2081
5674
2791
2202
3758
5534
2197
5865
8063
6130
1359
2599
480
8543
2751
8246
2366
4890
2011
8867
8923
6593
7143
8601
7966
2894
7566
7337
3352
4699
3859
7566
1635
9694
3090
331
584
6133
8620
107
135
9450
6880
9545
1163
2465
1664
6059
9359
5656
6439
292
2965
9647
9510
4291
6424
7251
1256
5073
7275
7790
8596
1931
5194
9535
8824
8969
7380
880
3011
4636
888
8738
6127
7873
5915
2261
5796
2673
7886
1664
466
4438
8152
5049
4967
8107
1771
2296
6896
7841
7071
9428
2421
2872
1204
8125
4129
3547
2528
5233
2316
1695
7314
179
4619
4168
3379
2789
783
9818
7832
9950
3679
508
1128
1681
7210
6036
6675
1859
3134
8764
2114
7482
8939
485
1105
5808
9595
4807
2581
6244
1924
5511
3752
7380
4858
7101
6768
743
1990
9765
1860
9341
299
4228
8152
9647
2586
2707
1345
2445
5278
9118
3661
1645
3525
95
2206
8063
7843
8858
2628
3813
1683
5250
9066
1711
1724
1649
3811
6150
8652
541
6239
4167
4620
3767
3379
6306
9525
8681
9255
8166
2115
1202
8156
4761
5250
9378
480
3134
7436
7522
2274
1869
5690
570
256
9999
2256
4448
9009
2171
4013
7567
2740
9990
3185
135
4455
973
5023
6601
5356
388
2845
2136
3224
813
1678
1270
5938
1835
5683
2626
1923
2533
218
4481
8842
4700
7890
5047
8200
603
2895
9917
712
1202
7501
3523
6914
5581
6130
3349
8588
951
4705
112
4457
1726
1702
5181
3988
2984
3119
941
2410
2598
6805
8914
1040
7764
1452
8560
8093
1569
7942
8442
7905
2994
7593
6016
4924
2653
573
2872
8592
2709
3752
5356
8108
3337
2943
1695
7543
5814
907
9921
5983
570
9937
3152
7155
2605
5534
9475
7088
5695
9463
970
6752
920
1784
4632
9683
5750
5123
6675
1451
5743
5106
2438
2930
9934
6981
9619
1141
9591
1685
2362
3357
7101
636
3607
3763
7606
7308
6962
3302
3698
6670
2635
8180
3607
3291
5515
6882
266
7008
7302
4778
508
1651
8312
3024
6239
2763
1059
6016
8774
99
5327
446
4822
7715
2012
3255
7606
4117
690
5241
8721
3255
8217
2872
447
5562
452
6336
7614
715
6593
1722
946
2152
9198
715
3708
5851
7970
2519
9475
8108
5315
603
857
3873
6670
3346
1599
6997
2072
8409
1607
6244
5917
2527
6089
343
3551
1642
870
7715
6985
4636
1270
877
266
8263
1586
2791
9652
5543
6605
5161
5590
5047
9407
4918
2653
4613
5220
6691
617
8350
6466
561
5016
4613
4642
4815
4815
2021
819
9133
7902
5049
1390
8654
8601
328
7567
4655
7843
3126
6948
2100
1740
8351
4041
1105
4381
3394
38
6130
2083
6573
1300
3100
4345
1037
3107
8701
4106
3126
4932
933
2552
6125
7143
5890
3613
1864
697
71
6306
9581
3108
8725
5947
1604
7566
777
1860
9211
519
4177
1241
4106
2075
2075
1527
9668
2447
8906
9167
4809
4442
6036
2158
5299
9167
2763
2635
1678
680
7343
1697
9519
2815
9849
5579
570
3052
94
9255
2015
9066
2635
1645
507
6880
894
1508
7298
5534
526
7436
9695
1961
7905
5228
3525
3742
9671
2445
6397
7653
1735
1871
2328
697
2206
1319
979
4168
366
3098
2698
526
9660
6439
2461
6760
821
8298
524
6880
8576
4203
1820
5605
6962
3292
2277
1726
8924
1726
5844
3811
713
8596
7075
6397
1043
1479
1581
5746
6447
38
8394
1204
1551
9253
7467
8814
7196
9491
626
1641
3367
2633
6675
4345
4695
429
2515
1530
8246
532
8852
640
8826
7132
3328
9255
6976
8948
231
3181
2316
1452
9253
3531
6154
9161
2403
4804
3116
3425
7251
6953
6555
2147
19
4456
1578
9202
2305
1504
4481
7646
8654
6308
2581
2494
4890
4927
1243
6417
3656
2277
1649
3349
7380
1664
7205
500
9104
3739
969
4487
4575
5330
9038
3192
7617
8704
8582
1592
7841
2261
979
6115
3848
7636
5555
4107
3014
6154
1510
438
9550
5315
2269
1033
8826
8423
8263
8858
7479
7522
4762
3574
3857
5576
4562
1990
3255
1726
2930
4381
5050
5958
8107
5335
8125
6136
822
6059
9849
1159
7960
6921
9818
6512
1509
3763
9206
5717
2421
9286
4480
3185
1294
8588
9535
2752
7647
3394
5534
5161
4739
4717
4221
5765
790
5231
2965
958
3382
6203
1893
112
8582
4761
7432
3253
2171
7477
7477
1619
8890
1891
7538
9545
1844
1916
8305
4138
9741
2580
1649
7566
2206
5418
6218
1482
2316
4518
5010
2556
9970
9253
8184
9525
1031
5970
2467
613
9999
8829
1699
438
7848
4045
2439
2709
2332
2515
8156
1137
3018
2527
2366
1105
9175
3552
2199
3357
3811
8484
9510
8588
7704
5004
3271
3340
583
1941
2478
4203
6019
9536
961
154
2036
8781
873
6696
5418
9179
1859
3011
9680
3073
5869
2556
0
9392
4130
690
7813
8476
2207
1695
7119
6168
5250
3116
1007
3767
9876
1969
9678
8646
4083
8200
1592
4559
2674
9950
446
4198
4160
1797
7563
276
116
7139
4150
2156
7255
713
4200
6985
37
5743
1646
5622
1972
6555
4739
7378
2574
3714
7899
8654
964
6163
5983
5743
1297
8861
949
4228
3269
9198
9341
292
4489
7610
5958
4652
2106
1256
4025
6147
2679
4345
2362
8826
9634
613
7731
1649
9678
2403
351
9550
3213
7736
1380
1464
8322
1970
9741
6726
7819
2998
4364
7627
8878
135
2423
9106
272
5370
1699
5108
211
7890
8180
1619
1294
5983
3197
6763
5393
4471
5372
925
242
426
7272
1863
1383
2895
438
9550
3140
2533
9691
7879
3934
7721
2424
6362
112
217
9765
6471
867
4200
3134
1542
4968
5765
146
561
8423
3024
2202
1050
8200
8646
3024
5133
9198
3276
4761
2845
2789
7731
2555
9639
4778
5543
857
2045
1291
777
5140
6339
472
6938
292
8305
9106
4161
3586
4562
3288
1795
1586
2533
292
7610
3361
3048
1952
6620
5356
508
4138
9369
2021
51
1972
1681
6262
2038
6391
37
979
7771
343
797
8268
3082
8145
201
8271
632
8892
6417
7587
1602
9492
4083
4988
3177
5086
3303
9660
3714
7289
1190
2136
8701
7586
2984
256
1541
0
6369
4041
2389
8085
1488
5690
500
7289
3345
8662
6655
8532
3292
4514
1941
2865
354
8005
1259
6805
2919
8503
8823
3448
1859
874
3877
3364
4504
1088
139
485
76
9828
9574
9865
4024
7738
2525
233
717
8961
19
6872
9105
8569
3698
5330
2674
4357
6028
9189
4177
3525
2038
1158
6716
6763
6027
4587
9048
8861
9326
9211
1646
1383
6691
8917
4514
1905
627
1571
7436
4119
9743
3692
2872
5266
8829
7790
9394
8993
4012
4587
857
2699
7727
9647
2144
7376
1324
1324
7275
2444
621
9647
8308
2199
8031
3082
2307
8088
5865
5555
9450
6948
1786
387
8738
1291
5323
3346
1083
8273
1633
2012
5499
6457
3502
4489
5606
1650
3574
8488
2217
5555
342
3943
1390
3742
8021
1768
1479
7095
7921
3288
2717
4132
370
6534
7875
1576
2230
813
3886
3656
330
2572
8105
7641
2967
9145
7479
4054
8826
2791
713
4636
7550
484
4103
6255
9849
4212
3253
6743
7289
3945
7361
40
5857
583
232
4093
1827
2467
7313
2435
2444
2453
1914
6236
855
9773
6299
1795
1990
8322
7841
1997
2136
3890
928
4137
9668
928
8792
5746
3224
3838
5493
3346
8956
627
3583
2214
5004
4531
2897
2752
7515
3695
4518
9636
1724
6814
4138
6163
8166
2844
6357
2919
4739
5254
1365
4988
1537
3328
4450
3281
2633
1297
3185
7855
8200
5690
6637
2643
3391
2423
613
4450
2461
432
220
5143
9517
5765
7337
1592
8219
1366
5241
743
6222
5161
840
1793
2475
6923
5714
5834
8017
5641
1962
2176
3763
4418
4949
1591
2036
9843
7630
6336
6637
5750
3041
1348
6090
4381
8273
8620
342
8576
292
7071
8011
4632
34
8592
4213
8697
8690
9510
5117
2133
8308
4277
3237
7415
7902
9346
1645
7606
4164
485
6126
1161
4932
8061
2037
7003
4988
5595
298
9640
9222
662
218
2012
6130
3090
1522
7095
2222
3988
7867
3192
3082
914
1458
4317
6163
2466
9000
2177
2903
3143
1270
5834
489
2817
1732
9999
8738
6654
3256
7416
8882
86
2353
1161
8872
2034
2974
4988
1490
438
3416
7398
5106
3959
964
8596
7283
2108
9917
5821
9683
8268
256
8916
8676
857
5499
2340
4160
2551
8336
1289
1916
1923
2598
3056
37
870
2011
2156
6187
1891
9407
8273
1602
3382
8063
4998
5003
811
3255
7212
1914
5307
394
1607
8601
5330
456
4456
5439
2261
2353
5792
1962
2515
792
9198
4332
8187
777
5576
8701
7647
900
9843
9669
4515
105
902
3813
632
2967
5104
2496
321
7100
9038
775
5493
5651
7547
7812
4450
3854
9581
273
2469
735
951
4481
2156
1697
613
9394
1614
2844
154
5743
9527
4619
3607
7217
8305
2965
3128
5701
4983
4747
7727
5041
6918
5220
1931
712
1151
1720
298
3495
6016
1673
3814
9339
852
4761
7671
4592
3007
1797
806
8108
171
680
8819
7432
5874
4597
4945
480
1366
1104
4232
8433
612
2250
5853
204
7710
9619
8681
5847
9352
7302
4926
3704
9085
8842
1905
8229
3724
3107
4012
775
5330
5821
6127
2652
9248
2338
4137
4925
7727
6369
7255
4916
7812
1083
3763
9428
3873
981
4597
6540
2155
1920
1178
2521
6474
4890
2108
7731
105
4807
7879
3327
3438
8701
6466
5285
3704
8503
398
7885
2445
1542
1256
9652
6593
6609
7843
5488
6289
7701
2519
4587
8245
3531
9000
9371
925
6089
5736
6028
4950
468
9005
1772
2036
7917
0
3224
5156
3302
573
1159
4161
8725
1586
7215
2002
2332
8687
8271
4448
2314
2206
5040
3349
8012
3531
6127
3281
6447
1958
8376
1711
34
3056
3396
2473
8621
394
4457
4448
5743
3438
3767
2214
7042
122
2214
3128
930
3448
4926
4799
6049
1243
9253
5755
9991
7169
7841
5104
8305
9510
9877
4813
1204
2570
2551
7515
1162
6357
5576
2293
9634
1573
8187
7771
4161
3547
2147
9545
3531
5583
129
4388
1889
8063
6474
8107
5156
3724
6569
2803
8503
4132
452
9658
3621
1699
2533
8821
2113
3119
5847
906
1923
1088
61
1291
538
1362
1231
4822
8814
3934
649
538
5731
1300
4471
1386
3281
3558
3303
4345
1673
7026
8858
2266
8520
1050
2925
4161
107
8123
5133
2809
1671
1721
2897
7566
8764
5356
2295
5023
4024
1204
526
9341
7129
6948
7575
6573
1969
9072
9671
526
5089
857
913
150
9151
4614
775
1864
4704
713
6028
5393
5330
4703
7272
5983
1319
4514
9198
8229
5810
3382
6107
8332
3073
5514
7731
2583
7276
6923
1864
9232
8273
9783
6874
2598
3523
4739
122
7630
1490
8484
7101
6133
201
4116
328
6814
2316
9179
2293
2307
7841
8005
3007
780
9658
1735
272
970
8217
2362
4270
231
5746
343
4448
3148
7313
4988
273
7617
2293
3662
8948
8459
1086
7306
8517
8993
712
4555
2845
9408
2699
4438
2724
1135
8019
9694
8842
4109
2305
484
3848
5042
3886
1975
2317
1037
9232
5717
489
6244
3562
4438
2219
4699
4332
3345
4731
1619
518
5297
4766
1162
150
9206
2732
1482
9828
1969
9066
2435
4839
1864
2206
7289
5664
5811
8457
8388
9385
636
203
8054
8263
6637
468
1083
2218
9668
5576
5889
1362
3426
4054
9683
8200
4083
8819
1139
627
1139
9593
6034
2872
874
7314
9634
8156
1007
9528
4731
776
2436
5851
471
4812
4329
3361
8332
9795
5016
3425
2296
3522
5439
7195
1688
662
2204
2269
5638
2605
6540
5702
2371
8020
4932
1795
5590
722
3836
2533
4641
4514
5925
3763
5890
7088
5674
4332
1141
3143
4043
7290
3739
1482
2872
2116
976
8687
1256
8184
19
7314
2753
2403
6654
410
8219
9510
888
8017
9346
8551
5857
7255
9721
4991
8897
9695
1597
9824
6637
4778
1312
1097
2994
780
8517
2525
7398
5133
2021
7192
7586
2925
3589
3073
1192
2133
1348
8086
4584
9590
6255
3523
6805
4200
6345
8360
2894
1622
1649
4515
7152
273
331
8433
3018
6016
8991
7008
2106
8750
3842
2519
2447
7998
6604
8324
5200
6763
5228
3656
1192
3823
1435
3068
8331
1324
1894
1592
1135
4916
8687
8872
2012
9658
2021
2277
1578
6674
112
8308
233
6694
74
9527
2945
629
7715
619
217
463
831
990
3491
2720
8245
2018
8477
4144
2974
3107
9698
2261
541
769
1893
969
3271
4689
2751
9056
1962
2720
7108
1607
3692
1601
1860
8532
3798
4504
1924
7026
7551
8324
3886
3126
8200
6045
2142
7881
1158
7890
9946
4297
2724
7255
8582
949
7501
7932
7841
769
1664
2740
2628
6049
4816
4983
6034
1772
9827
9660
1965
7119
8701
5330
5708
1482
8409
1871
3448
1962
1784
2519
4636
7159
7416
2998
1429
8423
7832
632
1137
8145
6716
7727
3711
316
2197
7140
8865
9083
8914
1386
2598
6457
8521
4743
6262
8295
5488
1604
4689
71
584
7376
9049
8125
3587
7425
1820
9211
2316
4160
6391
5892
6594
3152
6655
2525
1726
8521
3586
5143
3724
8263
5233
8792
9408
4287
3256
8012
2853
5674
4926
8273
6447
1122
9843
9236
1294
9694
1928
3073
1856
5200
1797
3662
2634
6898
5337
524
3005
4988
2313
1717
4081
2410
5161
1581
1578
7617
6019
2853
9343
7538
9198
9773
3271
6336
8932
8433
6447
9156
2228
9468
9495
1619
1324
1025
9130
1916
5900
8020
6944
1287
8541
8055
9341
6637
990
641
8072
7169
4815
7873
1768
3382
139
429
7255
6266
3586
3357
1007
2473
4117
690
8504
6424
4287
7843
7204
1688
2598
4689
9773
7515
2453
1043
8861
2256
4146
1043
9824
9355
233
3854
3068
4916
107
3704
1362
5701
8266
1435
24
1151
139
9066
9179
6953
5983
3938
247
3678
4799
223
6178
8061
3886
3934
8750
3585
3093
7587
5455
1297
1711
3929
8240
9574
3090
3128
9518
2965
7641
9130
276
4700
6439
3945
9950
7731
9525
1541
4166
9684
783
8932
2021
7298
343
1944
5140
3704
2083
2219
1614
5388
7337
6154
790
6362
9741
5059
4717
466
1923
7922
2695
2830
6938
3438
122
717
1542
775
7704
2305
1958
3375
5002
8336
9694
5638
1135
7543
5035
987
5753
9525
8878
2598
1159
5695
5200
4203
4345
4381
1726
3190
3190
797
7147
7140
4804
203
911
6095
5890
1678
4807
2007
3395
7867
3714
7932
873
9661
8253
426
7918
1717
480
166
5115
5114
9570
1413
118
2581
7346
7125
1458
5711
5089
8892
3098
9691
4776
541
9156
5639
1880
4950
913
7636
8268
6136
5590
2779
4689
3830
7875
7307
5947
3679
8180
4924
34
2133
9394
8599
621
6872
6153
2293
2256
3082
8588
2222
8601
7813
4531
2256
4374
203
4198
4287
2967
2791
2965
7288
5890
9371
1429
1509
2865
3379
9876
3711
5514
5641
4822
5049
5140
7760
7963
1359
3090
6130
3551
4203
6621
8714
3100
5159
2466
855
776
8556
6953
877
8013
1061
9652
680
8681
431
1962
7494
5711
8520
0
76
6090
2060
2496
1894
1602
7432
5958
2698
9683
1891
2605
5059
763
8271
8031
3423
7538
9639
8828
9827
6397
5714
3375
5136
9054
1797
7313
6192
5372
3811
8541
9303
8013
458
2293
4448
2427
9211
372
1117
837
5795
7771
468
584
6059
4988
6369
3056
8433
2176
8621
7601
8842
5742
272
9849
4968
4429
1965
9748
2461
8917
6921
1348
8063
2307
5194
9248
8457
2525
3068
511
6763
1291
4137
7738
7482
3836
907
9780
7169
9743
1871
792
987
4212
7899
2366
4106
171
9695
4447
5834
5595
2932
970
8924
2869
6133
2345
8601
6163
8960
3160
2461
9834
1857
5285
9828
2533
76
3564
2072
7587
112
9441
7132
1711
2815
7140
2560
5278
4813
813
1259
448
6394
9510
5315
4130
8217
2778
7314
1914
394
697
1408
19
2439
256
2108
1664
6220
6090
8484
2674
1740
1122
4926
7563
4608
6474
37
1786
4890
1291
1732
2011
7189
7305
7543
1673
5690
9694
166
9069
8411
1411
213
9849
1346
3698
9048
9155
8388
1411
8763
9783
617
5618
9668
8732
7501
9232
3739
9528
3857
9876
8305
4035
4869
5536
3502
67
1324
9033
8503
5795
3007
6497
9780
7189
223
1313
8476
8013
9346
3291
2787
7819
6744
266
4429
2197
2482
621
4506
4523
6147
7070
6814
468
1607
690
2475
1635
1135
4743
3695
5536
3143
1859
4700
5639
7832
2374
4291
1968
1571
8086
2475
3556
987
3502
9255
9253
2222
7550
6218
4006
2152
2100
6125
7275
946
9827
3128
888
1815
6222
9741
4287
1969
6417
8676
2581
4292
2250
9531
6036
324
6027
3656
7601
6872
1880
1451
8234
1163
2371
452
9069
5042
2626
3379
3667
1830
538
3232
237
902
5725
5002
959
1551
2839
5711
5590
8449
5605
911
2353
9155
5157
9369
5250
3148
2227
5075
9339
2060
5220
6938
1346
5865
6471
9813
3752
9155
5683
8764
6027
2038
8956
1886
298
4731
3107
813
22
1941
4632
2421
5270
6397
1117
3160
3348
2844
8108
2447
9688
7487
7881
9518
8031
9087
6654
1050
1158
3059
9232
4317
324
9648
7159
118
3409
5254
6921
1592
2007
4998
179
7970
9206
1109
9865
1857
9479
9009
9069
2515
4925
9372
6059
5655
1921
8560
4950
8340
5651
7140
7477
1601
526
7432
7915
7841
2279
146
6981
19
5656
4983
5683
7916
5795
8062
3444
5040
1880
2321
3426
9970
8442
4438
4203
4695
2726
7551
7760
6262
990
7867