980
826
944
607
227
469
721
662
553
915
870
209
904
871
805
585
549
825
473
627
855
366
958
664
8
657
178
915
378
641
482
75
323
842
523
738
324
648
890
365
790
370
854
900
462
155
509
220
83
111
884
964
541
620
923
861
136
934
279
342
538
232
538
70
441
223
336
731
216
593
612
867
116
719
67
633
642
271
846
570
163
461
294
888
482
434
843
966
966
517
470
174
323
746
584
424
270
888
121
107
464
48
77
553
106
498
397
702
819
674
642
585
894
451
239
518
135
938
368
387
623
447
821
690
694
336
283
495
385
302
677
194
420
683
463
159
209
252
563
604
930
980
704
802
323
666
784
552
212
884
128
420
645
307
237
603
563
849
821
300
234
704
404
216
155
100
88
76
513
604
655
570
702
38
520
413
603
305
127
116
984
950
205
17
208
529
919
434
937
61
61
671
978
718
998
741
838
131
26
746
49
259
56
338
352
551
562
426
61
344
766
843
443
50
430
177
127
554
969
901
776
444
779
327
113
673
291
232
356
694
332
31
953
928
750
378
655
455
518
40
666
536
331
637
142
720
778
93
163
901
789
460
602
95
807
878
310
511
179
730
390
479
742
380
770
403
322
668
108
846
756
737
562
480
984
601
889
958
747
237
412
866
842
609
724
877
121
282
650
722
622
707
643
29
208
897
220
788
650
917
303
749
396
419
460
552
251
113
283
158
744
41
144
826
495
42
713
743
913
84
316
106
716
675
844
889
129
502
126
964
519
344
783
883
470
111
89
209
262
515
949
711
697
753
42
468
110
960
623
875
127
20
205
238
86
578
513
226
123
539
489
890
241
364
421
897
530
420
208
682
440
424
998
866
678
740
424
24
486
531
838
155
620
105
85
774
722
167
889
136
557
167
716
839
497
200
576
829
41
844
57
51
345
192
103
334
279
724
251
503
183
731
231
87
462
781
827
682
218
627
541
715
712
435
320
89
261
510
401
185
449
229
750
636
65
371
959
523
4
79
658
527
361
968
234
638
479
838
783
707
228
951
524
148
850
511
525
538
879
220
71
165
419
81
269
142
56
320
752
697
109
534
886
963
316
153
998
704
941
189
643
672
242
560
455
850
916
451
890
90
293
994
251
359
296
718
310
744
374
832
223
657
531
168
350
520
336
936
236
109
33
866
500
945
346
385
669
934
374
127
919
727
745
234
701
825
407
348
138
235
139
740
374
58
420
719
875
688
381
3
451
606
692
253
629
439
462
393
831
134
833
298
758
979
609
611
364
243
63
69
497
414
303
841
229
252
681
969
156
802
475
243
868
641
837
622
171
377
341
983
861
652
419
381
420
917
23
996
48
291
490
559
698
697
419
674
603
288
131
127
66
206
938
511
270
289
299
596
681
63
566
5
6
7
7
10
14
14
24
24
32
34
35
38
41
44
55
56
63
64
65
68
69
79
82
82
84
87
91
94
95
99
100
109
117
117
122
127
128
135
136
143
152
156
156
158
162
163
166
166
168
174
175
183
184
186
188
193
204
209
211
215
216
217
225
225
228
236
239
243
243
252
252
256
258
258
261
262
267
267
271
275
275
276
278
281
284
291
291
292
293
295
295
307
308
310
312
323
325
327
328
331
336
337
342
351
352
354
358
361
362
364
370
382
384
386
387
390
393
394
398
399
400
405
406
408
409
420
422
424
426
428
435
447
451
454
455
458
458
460
461
462
462
467
473
473
475
479
480
482
484
488
493
496
501
505
508
514
519
521
527
530
534
541
544
548
550
553
557
558
564
565
566
577
579
583
583
584
602
605
608
609
611
616
618
619
623
628
628
638
639
639
646
646
650
651
655
659
663
666
667
667
668
670
670
671
675
678
682
686
690
692
695
698
701
708
708
711
713
715
719
723
729
729
733
739
748
751
754
757
758
761
766
767
772
773
782
789
794
797
801
802
807
811
815
819
819
826
828
829
838
842
850
857
857
858
859
865
869
875
882
882
883
887
888
892
895
896
900
901
906
906
909
910
911
911
917
921
925
925
928
938
938
952
954
955
959
959
962
963
964
973
978
983
983
984
985
991
991
993
995
396
186
361
911
356
138
69
817
71
146
970
517
711
68
48
124
891
936
618
809
150
116
285
2
381
924
615
172
736
194
420
767
74
616
335
968
548
651
967
231
535
770
176
656
625
432
427
237
529
998
928
700
318
724
595
397
862
993
997
727
963
474
485
835
738
703
734
248
423
364
899
257
635
143
776
84
111
917
314
893
942
218
642
739
877
432
878
144
398