9997
9997
9995
9989
9989
9989
9987
9987
9987
9987
9986
9985
9984
9984
9982
9981
9975
9975
9974
9973
9972
9972
9971
9968
9966
9966
9966
9963
9961
9960
9959
9958
9956
9956
9954
9953
9951
9951
9950
9949
9948
9948
9947
9947
9945
9944
9944
9940
9936
9935
9934
9934
9934
9934
9932
9932
9932
9931
9931
9931
9930
9930
9928
9927
9927
9926
9925
9925
9925
9924
9924
9924
9923
9922
9918
9918
9917
9916
9916
9916
9915
9912
9911
9909
9909
9909
9909
9908
9907
9907
9907
9907
9906
9904
9903
9902
9902
9899
9898
9897
9894
9894
9893
9892
9891
9889
9889
9889
9889
9888
9887
9885
9885
9883
9881
9881
9880
9879
9878
9878
9878
9877
9875
9873
9873
9870
9868
9867
9867
9867
9866
9864
9864
9863
9861
9860
9859
9858
9856
9855
9855
9854
9854
9853
9851
9851
9851
9851
9850
9850
9849
9847
9847
9845
9845
9844
9844
9844
9841
9840
9839
9839
9838
9837
9836
9835
9834
9832
9829
9829
9826
9826
9825
9825
9824
9823
9822
9822
9822
9821
9821
9821
9816
9814
9814
9813
9813
9812
9811
9807
9807
9807
9806
9806
9806
9804
9803
9803
9801
9801
9800
9800
9799
9798
9797
9797
9796
9795
9794
9793
9792
9791
9791
9791
9790
9790
9789
9789
9787
9786
9786
9786
9785
9785
9784
9783
9783
9782
9780
9778
9777
9777
9777
9776
9775
9775
9775
9774
9774
9774
9772
9770
9770
9768
9768
9765
9765
9765
9764
9761
9760
9760
9759
9758
9756
9756
9754
9754
9751
9750
9749
9749
9748
9748
9747
9746
9746
9746
9746
9745
9744
9743
9742
9741
9740
9740
9739
9739
9739
9739
9738
9738
9738
9737
9734
9732
9727
9727
9727
9726
9725
9725
9725
9725
9724
9724
9723
9722
9721
9720
9719
9719
9718
9717
9714
9714
9714
9713
9713
9712
9709
9709
9709
9708
9708
9708
9707
9707
9704
9702
9702
9701
9700
9698
9696
9695
9694
9694
9693
9693
9693
9691
9690
9689
9689
9688
9688
9686
9683
9681
9680
9680
9679
9679
9678
9677
9677
9675
9674
9673
9672
9670
9670
9666
9666
9666
9664
9663
9662
9660
9660
9658
9656
9656
9654
9652
9651
9651
9646
9644
9644
9643
9643
9642
9642
9642
9641
9640
9639
9638
9638
9637
9636
9635
9635
9635
9629
9628
9627
9627
9626
9626
9626
9625
9623
9623
9621
9620
9619
9616
9614
9614
9613
9613
9612
9611
9609
9608
9607
9607
9605
9605
9602
9600
9600
9600
9598
9596
9594
9594
9594
9593
9593
9590
9589
9589
9587
9585
9584
9584
9584
9583
9583
9582
9581
9581
9581
9579
9579
9578
9574
9573
9572
9571
9571
9571
9568
9568
9567
9566
9565
9564
9564
9563
9561
9560
9560
9557
9557
9556
9556
9554
9554
9553
9553
9553
9552
9549
9547
9547
9543
9542
9542
9542
9540
9539
9538
9538
9538
9537
9535
9534
9534
9531
9531
9530
9530
9530
9529
9527
9526
9526
9525
9525
9524
9524
9524
9523
9522
9521
9521
9518
9517
9515
9513
9512
9509
9509
9508
9506
9505
9505
9505
9503
9503
9502
9502
9499
9499
9499
9498
9497
9497
9496
9496
9495
9494
9494
9493
9492
9492
9492
9491
9491
9490
9488
9487
9486
9486
9485
9485
9485
9484
9483
9482
9481
9481
9480
9480
9478
9476
9476
9472
9471
9470
9467
9465
9465
9465
9465
9464
9463
9463
9461
9461
9461
9459
9458
9457
9457
9457
9456
9453
9453
9453
9450
9450
9449
9448
9446
9443
9442
9442
9441
9439
9439
9439
9437
9435
9434
9433
9433
9432
9432
9432
9432
9432
9431
9430
9430
9429
9429
9428
9428
9426
9425
9425
9424
9424
9423
9420
9419
9419
9418
9417
9416
9411
9411
9405
9405
9404
9404
9402
9401
9397
9396
9394
9391
9391
9389
9388
9386
9384
9384
9383
9383
9381
9380
9380
9379
9378
9377
9373
9373
9372
9371
9370
9369
9368
9368
9368
9363
9360
9359
9357
9357
9357
9357
9356
9356
9356
9354
9353
9353
9349
9349
9348
9346
9342
9342
9342
9340
9340
9339
9339
9339
9339
9338
9338
9335
9334
9333
9332
9331
9330
9329
9327
9326
9326
9326
9323
9323
9321
9321
9319
9317
9317
9317
9317
9314
9313
9313
9312
9312
9312
9311
9310
9310
9310
9309
9308
9308
9307
9307
9307
9306
9306
9305
9305
9301
9299
9299
9299
9298
9297
9295
9295
9295
9294
9293
9293
9293
9292
9292
9292
9291
9285
9285
9283
9283
9282
9280
9280
9280
9279
9278
9278
9277
9277
9274
9274
9273
9272
9272
9272
9270
9270
9269
9266
9265
9263
9263
9261
9259
9257
9257
9255
9255
9254
9254
9253
9253
9251
9248
9247
9247
9247
9247
9246
9246
9244
9244
9243
9242
9242
9241
9241
9241
9241
9241
9240
9240
9239
9238
9238
9238
9236
9236
9236
9235
9235
9235
9233
9232
9230
9230
9228
9223
9221
9220
9220
9220
9219
9215
9215
9214
9214
9210
9210
9208
9207
9207
9207
9206
9205
9204
9201
9200
9200
9200
9199
9198
9197
9197
9196
9195
9195
9195
9194
9193
9190
9189
9187
9186
9185
9184
9181
9180
9180
9179
9179
9178
9176
9176
9174
9172
9172
9171
9171
9170
9169
9166
9166
9164
9164
9163
9162
9159
9157
9156
9156
9155
9152
9150
9149
9148
9147
9147
9146
9142
9141
9141
9141
9140
9138
9137
9136
9136
9135
9135
9134
9132
9132
9131
9130
9129
9129
9128
9128
9128
9127
9126
9126
9124
9124
9122
9122
9119
9117
9117
9116
9115
9114
9114
9112
9111
9111
9110
9108
9107
9106
9106
9105
9102
9101
9096
9095
9094
9093
9091
9091
9091
9091
9089
9087
9086
9084
9083
9083
9082
9082
9079
9078
9078
9077
9076
9076
9076
9074
9073
9073
9072
9071
9071
9070
9065
9064
9063
9063
9062
9062
9060
9058
9056
9053
9052
9050
9049
9048
9048
9047
9045
9043
9043
9043
9042
9041
9040
9040
9038
9037
9036
9035
9035
9035
9030
9029
9028
9027
9026
9025
9025
9025
9024
9020
9018
9018
9017
9014
9013
9012
9012
9009
9009
9009
9008
9008
9005
9005
9004
9004
9003
9001
9001
9001
9000
9000
8999
8999
8998
8998
8996
8995
8993
8992
8992
8991
8988
8988
8986
8986
8984
8984
8984
8977
8975
8975
8975
8974
8974
8974
8973
8971
8969
8969
8967
8966
8966
8964
8964
8962
8961
8961
8960
8959
8959
8958
8957
8957
8951
8950
8950
8949
8946
8946
8945
8945
8942
8942
8940
8938
8936
8935
8935
8934
8934
8933
8933
8933
8931
8930
8930
8928
8927
8925
8924
8923
8922
8922
8922
8918
8918
8917
8917
8916
8916
8915
8915
8914
8913
8913
8912
8911
8910
8910
8909
8908
8908
8906
8903
8903
8902
8901
8901
8901
8899
8899
8899
8895
8894
8894
8894
8893
8888
8887
8886
8884
8884
8878
8876
8875
8872
8870
8870
8870
8869
8865
8864
8863
8863
8862
8860
8860
8859
8859
8858
8855
8854
8854
8850
8850
8848
8847
8847
8844
8844
8843
8843
8843
8841
8841
8841
8840
8839
8839
8837
8836
8835
8835
8835
8834
8831
8827
8827
8823
8822
8821
8820
8818
8818
8818
8817
8817
8817
8816
8816
8814
8812
8810
8809
8808
8808
8807
8805
8803
8803
8803
8802
8799
8798
8797
8797
8797
8796
8796
8795
8794
8794
8793
8792
8791
8791
8791
8791
8789
8785
8785
8784
8783
8781
8780
8780
8780
8779
8778
8777
8776
8775
8774
8773
8772
8770
8770
8769
8769
8769
8767
8765
8764
8764
8762
8759
8759
8759
8758
8758
8758
8758
8757
8756
8755
8754
8753
8752
8751
8751
8751
8750
8750
8749
8748
8748
8747
8745
8745
8745
8744
8743
8743
8741
8740
8739
8739
8739
8738
8737
8733
8732
8732
8731
8731
8731
8730
8729
8729
8727
8726
8725
8722
8721
8720
8720
8716
8716
8713
8712
8711
8710
8709
8708
8708
8706
8706
8705
8704
8703
8703
8701
8701
8700
8699
8699
8698
8696
8695
8693
8691
8691
8687
8686
8686
8685
8683
8681
8679
8679
8677
8675
8674
8673
8670
8670
8669
8669
8667
8665
8665
8663
8663
8662
8661
8656
8656
8655
8655
8653
8652
8651
8651
8646
8646
8646
8642
8641
8640
8638
8638
8637
8634
8631
8631
8631
8630
8628
8626
8621
8620
8618
8617
8613
8612
8611
8610
8610
8609
8608
8608
8608
8605
8605
8604
8604
8604
8603
8603
8603
8603
8601
8601
8600
8597
8597
8597
8595
8593
8593
8593
8592
8591
8590
8589
8589
8586
8581
8580
8580
8579
8579
8579
8578
8577
8576
8575
8575
8573
8572
8571
8569
8569
8569
8567
8567
8566
8565
8563
8562
8561
8561
8561
8558
8558
8558
8557
8557
8556
8556
8552
8549
8548
8548
8544
8544
8543
8542
8542
8542
8542
8542
8540
8540
8540
8539
8538
8537
8535
8534
8534
8532
8532
8531
8531
8531
8528
8527
8526
8525
8524
8523
8522
8520
8520
8519
8518
8515
8515
8514
8510
8508
8505
8504
8504
8502
8502
8500
8497
8497
8496
8496
8495
8494
8494
8491
8491
8490
8489
8488
8488
8487
8486
8484
8484
8483
8482
8480
8479
8478
8477
8477
8469
8468
8467
8467
8465
8463
8461
8461
8455
8455
8455
8454
8453
8453
8449
8447
8446
8444
8442
8442
8441
8440
8440
8439
8438
8437
8437
8433
8433
8431
8427
8426
8425
8424
8424
8424
8424
8423
8419
8418
8418
8417
8416
8414
8412
8412
8411
8411
8411
8410
8410
8409
8406
8406
8404
8404
8404
8403
8403
8402
8402
8401
8400
8399
8395
8390
8389
8386
8382
8381
8381
8381
8379
8375
8373
8372
8371
8369
8367
8367
8366
8366
8366
8365
8364
8363
8363
8360
8357
8355
8353
8353
8353
8352
8352
8352
8349
8348
8345
8345
8344
8344
8344
8343
8343
8342
8341
8340
8340
8340
8340
8340
8339
8335
8335
8334
8334
8333
8331
8328
8325
8318
8314
8314
8313
8312
8312
8311
8309
8305
8304
8301
8299
8299
8298
8298
8296
8293
8291
8289
8289
8288
8288
8285
8283
8282
8279
8274
8274
8272
8272
8272
8271
8270
8270
8270
8269
8268
8267
8265
8265
8264
8264
8263
8263
8263
8263
8262
8261
8261
8260
8255
8254
8254
8250
8249
8248
8248
8248
8248
8246
8243
8240
8240
8239
8239
8236
8234
8233
8231
8230
8229
8229
8229
8224
8224
8222
8220
8219
8217
8215
8215
8215
8215
8209
8209
8207
8205
8204
8203
8203
8202
8201
8201
8199
8198
8197
8196
8195
8195
8192
8192
8191
8190
8186
8186
8185
8185
8185
8184
8183
8183
8181
8181
8181
8181
8180
8180
8179
8179
8179
8176
8174
8173
8172
8170
8169
8168
8168
8168
8168
8167
8166
8165
8162
8162
8162
8161
8160
8158
8158
8157
8156
8155
8154
8152
8151
8150
8150
8149
8149
8148
8148
8147
8147
8147
8145
8144
8143
8141
8141
8139
8139
8138
8137
8137
8136
8136
8136
8135
8134
8134
8134
8133
8132
8131
8130
8129
8129
8128
8127
8126
8121
8120
8120
8120
8120
8118
8117
8116
8115
8114
8112
8111
8109
8109
8109
8105
8104
8103
8102
8102
8102
8102
8101
8099
8098
8098
8097
8096
8095
8094
8094
8093
8093
8092
8091
8091
8091
8090
8089
8087
8087
8086
8085
8085
8085
8084
8084
8082
8080
8079
8078
8077
8077
8076
8076
8073
8069
8068
8066
8066
8064
8061
8061
8060
8060
8060
8059
8059
8058
8057
8056
8050
8047
8047
8047
8046
8046
8045
8045
8045
8044
8043
8043
8041
8041
8039
8039
8036
8036
8035
8032
8031
8030
8029
8028
8028
8027
8026
8023
8023
8023
8022
8021
8020
8019
8019
8018
8018
8015
8015
8013
8011
8009
8007
8006
8006
8005
8002
8001
8001
7998
7998
7997
7997
7996
7996
7995
7995
7995
7992
7992
7992
7991
7991
7990
7990
7990
7985
7984
7983
7982
7982
7981
7980
7979
7979
7978
7977
7977
7975
7972
7971
7970
7970
7968
7967
7965
7963
7963
7963
7962
7962
7961
7960
7959
7959
7959
7957
7956
7955
7954
7952
7950
7949
7948
7948
7947
7946
7943
7942
7939
7936
7936
7935
7934
7933
7932
7931
7930
7930
7928
7927
7925
7925
7924
7924
7923
7921
7919
7918
7918
7918
7918
7917
7917
7914
7914
7913
7912
7911
7911
7910
7909
7909
7908
7907
7905
7904
7902
7902
7900
7899
7892
7891
7891
7890
7889
7888
7887
7886
7886
7882
7880
7878
7871
7871
7868
7866
7865
7865
7865
7863
7862
7860
7859
7858
7858
7857
7857
7854
7853
7852
7851
7849
7847
7846
7846
7846
7845
7845
7845
7844
7842
7841
7841
7840
7836
7832
7831
7830
7830
7829
7827
7827
7827
7825
7825
7822
7822
7820
7816
7815
7815
7814
7814
7813
7812
7811
7810
7809
7808
7808
7807
7805
7804
7801
7801
7800
7797
7795
7795
7795
7795
7794
7792
7792
7792
7789
7788
7786
7786
7785
7785
7783
7782
7780
7778
7778
7776
7774
7774
7771
7771
7770
7769
7768
7766
7766
7765
7764
7764
7764
7764
7763
7763
7762
7761
7760
7759
7758
7756
7755
7752
7752
7751
7751
7748
7748
7745
7745
7744
7743
7743
7741
7741
7740
7740
7740
7739
7738
7736
7734
7734
7733
7732
7730
7730
7722
7721
7721
7718
7717
7715
7715
7710
7708
7707
7706
7706
7704
7704
7703
7701
7701
7701
7701
7700
7698
7693
7693
7692
7692
7692
7689
7688
7687
7683
7681
7679
7679
7674
7673
7672
7672
7671
7670
7670
7670
7669
7669
7669
7667
7667
7666
7665
7665
7663
7663
7662
7662
7661
7659
7658
7657
7655
7654
7654
7654
7653
7652
7652
7652
7651
7650
7650
7648
7646
7642
7640
7640
7639
7638
7635
7635
7632
7630
7630
7630
7629
7629
7628
7627
7623
7623
7622
7621
7621
7619
7616
7616
7615
7612
7612
7609
7608
7608
7607
7602
7602
7601
7601
7600
7600
7599
7598
7598
7597
7596
7595
7595
7592
7592
7590
7589
7588
7587
7586
7584
7583
7582
7580
7579
7577
7577
7575
7575
7574
7574
7574
7574
7572
7568
7567
7565
7564
7564
7563
7563
7563
7562
7562
7561
7560
7559
7558
7557
7556
7556
7555
7554
7552
7552
7552
7552
7549
7548
7548
7547
7546
7546
7546
7545
7544
7544
7543
7542
7542
7541
7540
7540
7537
7535
7534
7533
7533
7532
7532
7532
7531
7528
7527
7527
7527
7525
7525
7523
7523
7522
7520
7517
7516
7516
7515
7515
7514
7513
7513
7510
7510
7509
7508
7508
7507
7506
7505
7504
7504
7501
7501
7500
7499
7498
7498
7498
7497
7497
7496
7495
7494
7493
7493
7492
7492
7489
7487
7486
7486
7485
7484
7484
7484
7483
7482
7482
7482
7482
7482
7480
7480
7476
7476
7472
7469
7467
7465
7464
7464
7462
7460
7459
7459
7458
7454
7453
7452
7451
7449
7446
7443
7442
7440
7440
7439
7439
7438
7438
7437
7437
7436
7435
7435
7434
7432
7431
7430
7430
7429
7428
7428
7427
7427
7426
7426
7426
7426
7426
7425
7425
7424
7424
7423
7422
7422
7422
7420
7417
7417
7416
7416
7415
7415
7415
7414
7413
7411
7411
7411
7411
7411
7409
7409
7408
7406
7406
7404
7403
7402
7401
7401
7400
7398
7393
7392
7391
7390
7389
7388
7387
7386
7381
7381
7381
7379
7378
7377
7377
7376
7375
7373
7373
7368
7366
7366
7365
7365
7364
7364
7363
7361
7360
7359
7358
7355
7355
7349
7349
7349
7347
7347
7346
7343
7343
7340
7340
7339
7339
7338
7337
7337
7337
7336
7335
7335
7334
7327
7327
7322
7321
7318
7317
7316
7316
7315
7314
7313
7313
7312
7312
7312
7312
7310
7307
7307
7306
7305
7305
7303
7303
7302
7302
7301
7300
7299
7299
7298
7294
7293
7291
7290
7289
7285
7284
7282
7281
7280
7279
7278
7277
7277
7274
7273
7272
7271
7271
7271
7270
7270
7268
7268
7266
7266
7265
7265
7264
7261
7260
7260
7259
7257
7257
7256
7255
7255
7252
7251
7250
7250
7249
7249
7249
7248
7247
7245
7243
7243
7242
7242
7238
7237
7237
7235
7234
7234
7234
7234
7233
7232
7232
7232
7230
7230
7229
7229
7228
7228
7226
7226
7225
7225
7225
7224
7224
7223
7221
7220
7220
7220
7219
7219
7218
7218
7217
7217
7217
7216
7215
7215
7213
7210
7210
7209
7208
7208
7204
7204
7204
7203
7203
7202
7201
7201
7201
7200
7200
7199
7199
7199
7197
7197
7196
7196
7193
7193
7193
7192
7191
7191
7190
7190
7189
7188
7187
7187
7185
7185
7183
7181
7180
7179
7179
7179
7177
7175
7173
7172
7172
7169
7168
7166
7165
7164
7162
7159
7159
7158
7157
7157
7156
7153
7153
7152
7152
7149
7147
7147
7144
7143
7143
7140
7140
7137
7137
7136
7134
7133
7133
7133
7132
7128
7123
7121
7119
7119
7118
7116
7116
7116
7115
7114
7114
7113
7112
7111
7111
7109
7108
7108
7107
7106
7106
7105
7105
7104
7101
7101
7100
7100
7099
7096
7094
7094
7092
7089
7088
7088
7088
7079
7078
7078
7077
7076
7075
7074
7073
7073
7073
7072
7069
7063
7063
7063
7063
7062
7062
7061
7061
7060
7060
7059
7059
7058
7058
7058
7058
7057
7057
7056
7055
7055
7053
7053
7052
7052
7051
7051
7050
7048
7048
7047
7041
7040
7038
7037
7037
7036
7033
7033
7031
7031
7029
7027
7027
7025
7025
7025
7023
7021
7021
7020
7019
7018
7018
7017
7017
7016
7016
7015
7013
7013
7012
7011
7011
7010
7010
7010
7010
7009
7009
7008
7008
7003
7003
7001
7001
6997
6997
6997
6997
6997
6996
6994
6992
6992
6991
6990
6988
6988
6987
6987
6987
6986
6984
6984
6979
6979
6979
6976
6975
6973
6972
6971
6970
6970
6970
6969
6968
6968
6968
6968
6967
6966
6965
6965
6963
6959
6958
6957
6956
6955
6954
6953
6953
6953
6951
6950
6950
6949
6949
6949
6948
6947
6946
6945
6945
6945
6944
6944
6943
6940
6940
6939
6938
6938
6937
6936
6935
6934
6933
6932
6929
6929
6926
6926
6924
6924
6924
6923
6923
6922
6918
6917
6916
6916
6916
6914
6914
6914
6912
6912
6911
6911
6909
6907
6905
6905
6904
6904
6903
6902
6902
6902
6901
6900
6900
6898
6897
6896
6895
6895
6894
6894
6892
6892
6892
6891
6890
6888
6888
6885
6884
6883
6882
6880
6879
6879
6876
6873
6872
6866
6865
6864
6864
6864
6863
6863
6860
6859
6858
6857
6857
6857
6856
6855
6855
6852
6852
6852
6850
6849
6848
6847
6846
6846
6845
6844
6841
6841
6841
6834
6833
6832
6832
6832
6832
6832
6830
6829
6829
6829
6827
6827
6827
6827
6827
6826
6825
6825
6824
6823
6822
6820
6820
6818
6818
6816
6816
6816
6815
6814
6814
6813
6810
6810
6810
6809
6809
6808
6808
6807
6807
6806
6806
6804
6804
6801
6800
6800
6800
6795
6795
6794
6793
6793
6793
6790
6790
6787
6786
6786
6782
6781
6780
6780
6779
6778
6776
6776
6776
6775
6774
6771
6769
6766
6765
6764
6763
6762
6762
6760
6759
6756
6756
6753
6747
6746
6745
6745
6743
6743
6740
6739
6737
6736
6732
6730
6730
6729
6728
6728
6727
6726
6722
6721
6718
6718
6717
6713
6713
6712
6710
6709
6709
6709
6709
6708
6707
6707
6706
6704
6704
6703
6703
6703
6703
6700
6699
6698
6698
6697
6697
6695
6693
6692
6691
6690
6689
6689
6688
6688
6686
6685
6684
6684
6683
6683
6681
6681
6679
6678
6678
6676
6674
6674
6674
6670
6670
6669
6666
6665
6665
6662
6657
6655
6653
6651
6650
6650
6648
6647
6646
6644
6643
6641
6641
6638
6638
6635
6635
6634
6631
6630
6629
6629
6628
6626
6625
6624
6623
6622
6621
6620
6619
6618
6616
6616
6615
6614
6613
6613
6612
6610
6609
6608
6605
6601
6601
6600
6599
6598
6598
6596
6595
6591
6591
6590
6589
6588
6587
6586
6584
6577
6577
6577
6573
6573
6570
6570
6570
6568
6568
6567
6566
6566
6562
6561
6560
6556
6554
6551
6551
6550
6548
6547
6547
6546
6545
6545
6543
6542
6541
6540
6540
6539
6537
6534
6533
6533
6532
6531
6529
6528
6527
6526
6524
6520
6520
6519
6519
6518
6516
6514
6512
6511
6511
6507
6503
6501
6500
6499
6497
6492
6492
6492
6487
6486
6484
6484
6484
6483
6482
6481
6481
6478
6478
6474
6474
6474
6474
6473
6473
6472
6470
6469
6468
6467
6466
6466
6465
6462
6461
6461
6460
6458
6458
6458
6457
6454
6453
6450
6450
6449
6448
6442
6441
6441
6439
6437
6431
6428
6427
6426
6423
6422
6421
6420
6419
6416
6416
6415
6415
6414
6413
6412
6412
6409
6408
6406
6406
6404
6403
6403
6402
6401
6401
6398
6398
6397
6397
6395
6395
6394
6393
6388
6388
6382
6381
6381
6379
6379
6379
6378
6377
6377
6376
6374
6372
6371
6370
6364
6363
6363
6362
6359
6357
6356
6356
6354
6351
6350
6345
6344
6344
6344
6344
6343
6340
6337
6334
6333
6331
6330
6329
6329
6328
6325
6325
6325
6325
6325
6323
6323
6321
6321
6320
6319
6318
6317
6316
6314
6312
6311
6310
6310
6308
6305
6304
6301
6301
6299
6299
6298
6295
6292
6292
6290
6287
6287
6287
6287
6284
6283
6283
6280
6280
6279
6278
6277
6277
6275
6275
6275
6274
6273
6268
6268
6267
6263
6260
6259
6258
6257
6256
6255
6254
6253
6251
6251
6251
6250
6246
6246
6245
6244
6243
6242
6241
6238
6234
6233
6231
6231
6230
6230
6230
6229
6229
6227
6227
6226
6225
6225
6223
6223
6222
6222
6222
6222
6221
6221
6220
6219
6217
6217
6215
6213
6212
6208
6208
6206
6205
6205
6205
6204
6204
6204
6203
6202
6202
6201
6201
6200
6200
6197
6195
6194
6191
6191
6189
6189
6188
6187
6186
6183
6183
6182
6181
6180
6179
6175
6172
6171
6170
6170
6169
6164
6164
6162
6162
6161
6161
6160
6160
6158
6157
6157
6156
6152
6150
6147
6146
6145
6145
6143
6143
6142
6142
6142
6140
6138
6136
6136
6135
6134
6129
6129
6129
6128
6128
6126
6122
6121
6117
6114
6111
6111
6109
6108
6107
6106
6106
6104
6101
6101
6099
6099
6099
6098
6096
6095
6095
6095
6094
6093
6093
6090
6088
6086
6086
6085
6084
6083
6083
6082
6077
6077
6076
6076
6073
6072
6069
6069
6069
6067
6064
6063
6061
6060
6056
6055
6055
6054
6054
6054
6053
6052
6051
6047
6046
6046
6046
6045
6043
6043
6041
6041
6040
6038
6038
6038
6034
6033
6033
6031
6030
6030
6029
6029
6027
6026
6024
6023
6022
6021
6018
6017
6017
6017
6013
6010
6009
6008
6008
6007
6005
6005
6002
6002
6001
6001
6000
6000
5999
5999
5999
5998
5997
5997
5997
5993
5992
5991
5990
5989
5989
5986
5985
5983
5983
5981
5981
5981
5978
5978
5978
5977
5975
5974
5972
5971
5970
5969
5968
5968
5965
5962
5962
5960
5956
5956
5955
5952
5952
5951
5951
5950
5950
5949
5947
5946
5945
5944
5944
5943
5941
5940
5939
5938
5938
5937
5936
5934
5934
5930
5929
5929
5928
5927
5927
5927
5922
5921
5921
5920
5919
5919
5918
5918
5916
5915
5913
5913
5906
5904
5897
5895
5895
5894
5891
5890
5890
5889
5889
5888
5888
5887
5886
5885
5885
5884
5883
5882
5882
5881
5881
5879
5878
5878
5877
5876
5875
5874
5870
5868
5865
5864
5863
5862
5862
5857
5857
5857
5856
5855
5853
5853
5853
5852
5850
5848
5848
5846
5846
5845
5845
5845
5844
5844
5842
5842
5841
5840
5838
5837
5837
5836
5834
5832
5831
5830
5830
5829
5829
5828
5827
5827
5826
5826
5825
5824
5822
5822
5820
5818
5816
5816
5815
5814
5813
5813
5812
5811
5811
5810
5808
5806
5805
5804
5803
5801
5798
5797
5796
5795
5795
5795
5794
5793
5792
5792
5790
5789
5786
5786
5786
5783
5782
5782
5782
5781
5781
5779
5779
5777
5777
5776
5776
5775
5774
5774
5774
5774
5772
5770
5769
5769
5769
5769
5767
5767
5766
5766
5765
5763
5762
5761
5760
5759
5759
5757
5757
5756
5755
5754
5754
5752
5752
5751
5749
5744
5744
5743
5742
5742
5741
5739
5734
5732
5730
5721
5720
5720
5720
5719
5718
5718
5717
5717
5717
5714
5713
5711
5711
5710
5708
5708
5705
5705
5704
5704
5703
5703
5699
5698
5696
5696
5696
5693
5693
5693
5692
5692
5692
5692
5692
5690
5690
5689
5687
5687
5687
5687
5687
5685
5682
5682
5681
5681
5677
5677
5676
5676
5673
5672
5672
5672
5671
5671
5671
5670
5669
5669
5667
5667
5667
5667
5667
5666
5665
5665
5664
5664
5663
5663
5663
5662
5660
5659
5656
5654
5651
5650
5649
5649
5646
5645
5645
5644
5643
5643
5640
5640
5639
5637
5637
5633
5632
5632
5631
5630
5629
5629
5629
5628
5628
5628
5625
5624
5622
5622
5621
5618
5618
5617
5617
5616
5616
5614
5613
5612
5611
5609
5609
5609
5608
5607
5607
5606
5605
5605
5603
5602
5600
5599
5599
5598
5597
5597
5597
5597
5595
5595
5594
5591
5590
5587
5587
5586
5586
5584
5584
5583
5583
5583
5582
5581
5580
5580
5579
5579
5578
5576
5576
5575
5573
5571
5569
5567
5564
5564
5562
5561
5561
5559
5559
5559
5556
5555
5555
5554
5554
5554
5553
5552
5551
5551
5550
5548
5546
5539
5539
5536
5536
5535
5533
5532
5532
5529
5528
5527
5525
5525
5524
5522
5519
5517
5515
5515
5512
5509
5508
5508
5507
5506
5504
5503
5502
5498
5498
5498
5497
5495
5491
5490
5487
5487
5486
5486
5485
5483
5483
5483
5483
5480
5479
5479
5477
5475
5473
5473
5473
5471
5468
5467
5467
5467
5463
5463
5463
5463
5462
5462
5462
5461
5460
5460
5459
5458
5457
5454
5454
5453
5449
5449
5448
5447
5445
5445
5444
5443
5442
5441
5440
5440
5440
5439
5437
5436
5435
5435
5435
5433
5432
5432
5432
5431
5431
5431
5430
5427
5426
5425
5425
5425
5425
5424
5422
5421
5420
5420
5419
5419
5417
5415
5414
5412
5412
5411
5411
5411
5410
5408
5407
5405
5405
5402
5402
5400
5400
5399
5397
5396
5396
5394
5391
5389
5389
5388
5388
5388
5387
5386
5384
5383
5383
5380
5378
5375
5375
5375
5375
5375
5374
5373
5372
5372
5372
5372
5371
5371
5371
5370
5368
5367
5367
5363
5362
5360
5360
5360
5358
5358
5357
5357
5354
5354
5352
5351
5350
5349
5349
5347
5347
5344
5344
5343
5342
5342
5341
5340
5340
5337
5336
5336
5334
5333
5333
5332
5331
5331
5330
5329
5329
5323
5323
5322
5322
5319
5319
5317
5314
5311
5311
5307
5307
5305
5302
5302
5302
5300
5298
5296
5293
5291
5291
5291
5286
5286
5286
5284
5283
5283
5282
5281
5280
5280
5277
5276
5276
5274
5274
5273
5271
5269
5269
5268
5268
5268
5268
5265
5262
5262
5260
5260
5258
5257
5256
5256
5256
5255
5254
5253
5252
5252
5251
5251
5250
5250
5250
5249
5247
5246
5245
5243
5242
5240
5236
5235
5234
5233
5232
5231
5230
5229
5229
5228
5228
5227
5226
5226
5225
5222
5220
5219
5217
5216
5215
5214
5213
5213
5211
5211
5210
5210
5209
5208
5206
5206
5202
5198
5196
5190
5190
5189
5189
5189
5188
5187
5183
5182
5181
5181
5178
5178
5178
5177
5177
5177
5176
5176
5173
5172
5172
5171
5168
5168
5166
5165
5164
5163
5163
5161
5160
5158
5158
5156
5155
5155
5154
5154
5154
5153
5151
5151
5150
5150
5149
5149
5148
5148
5147
5146
5145
5143
5142
5140
5136
5134
5134
5133
5132
5130
5129
5128
5128
5127
5125
5125
5123
5122
5121
5120
5120
5120
5119
5118
5117
5116
5115
5113
5112
5112
5111
5108
5106
5105
5105
5102
5097
5096
5094
5092
5092
5092
5090
5089
5089
5088
5085
5085
5085
5083
5082
5082
5081
5080
5080
5080
5078
5077
5077
5075
5074
5074
5074
5073
5071
5071
5071
5071
5070
5069
5069
5068
5067
5066
5065
5064
5063
5063
5062
5059
5059
5059
5058
5057
5054
5053
5052
5052
5051
5051
5051
5050
5049
5047
5046
5044
5043
5043
5040
5040
5039
5039
5039
5037
5035
5035
5034
5032
5031
5030
5030
5029
5025
5025
5025
5022
5022
5022
5020
5020
5019
5019
5019
5018
5018
5017
5017
5016
5015
5014
5014
5013
5012
5009
5008
5004
5002
5002
5002
5001
5000
5000
5000
5000
4999
4996
4996
4995
4995
4994
4994
4991
4991
4990
4989
4989
4987
4987
4985
4983
4983
4983
4981
4981
4979
4978
4974
4974
4974
4973
4971
4971
4971
4970
4969
4968
4966
4964
4963
4963
4963
4962
4962
4961
4960
4959
4959
4958
4958
4957
4955
4955
4955
4946
4946
4945
4943
4943
4942
4940
4940
4939
4939
4939
4938
4936
4933
4933
4933
4932
4932
4929
4929
4928
4927
4927
4927
4927
4926
4926
4925
4925
4924
4924
4924
4923
4922
4922
4918
4916
4915
4915
4915
4914
4914
4912
4912
4911
4911
4908
4908
4906
4906
4905
4903
4902
4900
4899
4899
4897
4897
4896
4895
4894
4892
4892
4887
4887
4887
4883
4882
4882
4881
4881
4879
4876
4876
4876
4875
4874
4874
4873
4870
4869
4869
4868
4868
4866
4865
4865
4865
4865
4863
4862
4860
4855
4854
4853
4851
4848
4846
4846
4845
4844
4842
4839
4836
4836
4834
4834
4833
4833
4829
4828
4827
4827
4825
4825
4823
4821
4819
4818
4817
4817
4815
4815
4815
4812
4812
4810
4810
4810
4810
4810
4810
4809
4808
4807
4806
4805
4803
4802
4801
4798
4798
4794
4794
4792
4791
4791
4788
4788
4786
4786
4783
4782
4779
4778
4777
4777
4775
4775
4774
4771
4771
4771
4769
4768
4767
4767
4765
4763
4763
4762
4759
4758
4756
4755
4751
4749
4749
4748
4746
4746
4744
4742
4740
4739
4737
4734
4732
4731
4731
4728
4728
4728
4728
4726
4725
4723
4722
4720
4719
4717
4715
4715
4715
4715
4714
4714
4712
4712
4708
4708
4706
4705
4705
4700
4699
4698
4698
4697
4697
4695
4694
4694
4693
4693
4691
4687
4687
4686
4686
4684
4678
4678
4677
4676
4674
4674
4672
4671
4670
4670
4669
4668
4664
4663
4662
4661
4661
4660
4660
4657
4655
4654
4652
4651
4650
4648
4645
4644
4643
4642
4640
4640
4640
4639
4638
4638
4637
4635
4634
4633
4629
4627
4627
4625
4625
4625
4624
4624
4624
4623
4623
4622
4621
4621
4620
4618
4618
4617
4613
4612
4611
4610
4606
4605
4605
4604
4604
4604
4603
4602
4602
4600
4598
4597
4594
4591
4591
4590
4590
4590
4587
4587
4586
4585
4581
4580
4579
4574
4572
4571
4567
4567
4564
4563
4563
4559
4556
4555
4555
4554
4554
4551
4551
4551
4547
4546
4546
4545
4545
4545
4544
4543
4542
4541
4540
4540
4539
4537
4537
4535
4535
4534
4534
4534
4533
4533
4532
4531
4531
4529
4529
4528
4527
4526
4526
4526
4525
4525
4524
4523
4523
4522
4521
4518
4517
4513
4513
4512
4512
4512
4511
4511
4510
4509
4509
4506
4506
4504
4503
4501
4501
4499
4499
4497
4496
4493
4492
4489
4488
4488
4487
4487
4485
4484
4484
4483
4480
4479
4477
4476
4476
4475
4474
4474
4474
4473
4472
4472
4472
4471
4468
4466
4465
4464
4462
4461
4461
4460
4457
4457
4456
4455
4453
4451
4451
4450
4448
4447
4445
4444
4443
4442
4441
4440
4440
4439
4439
4439
4437
4437
4435
4434
4434
4433
4431
4430
4429
4428
4427
4425
4421
4420
4420
4419
4419
4415
4415
4414
4413
4410
4409
4409
4408
4407
4405
4404
4404
4403
4401
4401
4400
4396
4395
4394
4394
4394
4393
4390
4390
4389
4387
4387
4382
4381
4377
4376
4374
4373
4372
4372
4371
4370
4369
4368
4368
4368
4368
4367
4367
4365
4365
4363
4363
4361
4361
4360
4358
4355
4354
4351
4351
4347
4346
4346
4344
4344
4344
4342
4341
4340
4340
4340
4338
4337
4337
4335
4332
4331
4330
4330
4330
4329
4328
4327
4326
4326
4325
4325
4324
4324
4322
4322
4321
4319
4319
4318
4318
4316
4314
4314
4312
4312
4310
4309
4306
4305
4304
4303
4302
4300
4299
4299
4299
4298
4298
4296
4295
4295
4293
4291
4291
4287
4285
4285
4281
4276
4275
4274
4274
4274
4272
4268
4262
4262
4259
4259
4259
4258
4257
4256
4254
4254
4252
4251
4251
4251
4250
4248
4247
4246
4245
4245
4243
4238
4237
4232
4232
4232
4231
4230
4229
4229
4224
4222
4222
4216
4215
4214
4213
4211
4211
4210
4209
4208
4208
4208
4206
4205
4204
4204
4202
4201
4199
4198
4197
4196
4192
4191
4190
4190
4190
4189
4187
4184
4184
4183
4182
4181
4179
4179
4175
4174
4174
4174
4173
4172
4168
4168
4167
4166
4166
4163
4161
4160
4160
4159
4158
4155
4155
4152
4149
4148
4147
4139
4132
4130
4128
4128
4127
4126
4125
4124
4123
4121
4121
4121
4120
4112
4112
4111
4111
4111
4110
4108
4108
4107
4106
4105
4105
4104
4102
4102
4101
4099
4099
4097
4096
4096
4094
4093
4092
4092
4091
4091
4088
4088
4087
4086
4085
4078
4077
4075
4073
4072
4071
4070
4070
4070
4068
4067
4065
4065
4062
4059
4058
4058
4058
4057
4055
4054
4054
4050
4047
4046
4046
4043
4042
4042
4041
4040
4040
4040
4039
4036
4036
4032
4031
4030
4030
4028
4027
4027
4024
4023
4023
4021
4021
4019
4018
4017
4017
4013
4013
4013
4012
4009
4009
4008
4006
4005
4002
4001
4000
3998
3997
3997
3996
3995
3994
3993
3993
3992
3991
3991
3991
3990
3990
3989
3989
3987
3985
3984
3984
3983
3982
3980
3976
3970
3970
3969
3969
3969
3968
3967
3967
3965
3965
3963
3962
3961
3961
3959
3959
3955
3954
3954
3952
3952
3951
3951
3949
3948
3940
3940
3939
3938
3936
3934
3932
3932
3931
3931
3931
3931
3928
3925
3923
3922
3922
3921
3921
3920
3920
3920
3920
3919
3915
3915
3914
3913
3913
3908
3908
3907
3906
3906
3904
3903
3902
3902
3901
3901
3900
3899
3899
3899
3899
3899
3898
3896
3896
3895
3894
3894
3893
3892
3891
3891
3890
3889
3888
3888
3887
3886
3884
3880
3880
3880
3879
3879
3878
3877
3876
3875
3873
3872
3872
3871
3871
3871
3870
3868
3868
3868
3867
3865
3864
3864
3857
3856
3856
3856
3856
3856
3853
3852
3852
3852
3851
3850
3849
3849
3848
3847
3843
3843
3842
3841
3840
3840
3840
3839
3839
3838
3837
3836
3835
3834
3833
3832
3832
3831
3831
3830
3826
3826
3823
3822
3819
3819
3819
3817
3816
3813
3813
3812
3812
3807
3807
3806
3806
3804
3802
3801
3799
3799
3795
3794
3793
3793
3791
3787
3787
3785
3785
3785
3784
3784
3781
3780
3777
3776
3772
3770
3769
3767
3767
3765
3761
3761
3761
3761
3759
3759
3759
3758
3757
3757
3754
3754
3753
3753
3753
3753
3751
3751
3750
3749
3747
3745
3743
3741
3741
3738
3735
3734
3733
3733
3732
3731
3730
3730
3729
3728
3728
3728
3727
3726
3723
3723
3721
3720
3720
3719
3719
3718
3717
3717
3715
3713
3713
3713
3713
3712
3712
3710
3710
3709
3709
3709
3705
3705
3704
3702
3702
3701
3701
3701
3700
3699
3698
3698
3698
3697
3697
3696
3695
3694
3693
3692
3692
3689
3688
3685
3684
3684
3683
3683
3679
3679
3676
3676
3675
3672
3669
3667
3667
3666
3666
3665
3664
3664
3662
3660
3659
3658
3658
3658
3657
3657
3655
3654
3654
3652
3651
3647
3644
3640
3640
3640
3639
3639
3639
3638
3638
3635
3635
3635
3634
3633
3632
3631
3628
3627
3625
3625
3625
3624
3622
3622
3619
3617
3616
3616
3615
3613
3612
3610
3609
3608
3607
3607
3607
3603
3603
3602
3599
3599
3596
3594
3593
3592
3590
3590
3589
3588
3588
3587
3587
3586
3586
3585
3584
3584
3580
3580
3579
3578
3577
3577
3577
3576
3576
3576
3575
3574
3572
3571
3570
3569
3569
3567
3566
3566
3566
3566
3565
3565
3564
3564
3563
3562
3562
3561
3561
3559
3559
3559
3559
3559
3557
3555
3554
3554
3550
3550
3546
3544
3540
3538
3537
3537
3537
3536
3534
3532
3530
3527
3526
3524
3524
3524
3522
3521
3520
3518
3514
3514
3510
3509
3508
3508
3506
3505
3503
3503
3499
3497
3497
3497
3492
3492
3492
3490
3490
3489
3489
3489
3484
3483
3481
3481
3477
3477
3474
3470
3469
3469
3468
3462
3461
3459
3459
3459
3455
3455
3455
3455
3455
3451
3450
3448
3448
3447
3445
3445
3444
3444
3443
3442
3438
3438
3436
3436
3436
3436
3435
3435
3434
3433
3432
3431
3425
3425
3422
3422
3421
3419
3419
3418
3415
3413
3411
3409
3407
3406
3405
3405
3404
3404
3403
3403
3403
3402
3401
3397
3397
3396
3394
3392
3391
3389
3388
3387
3385
3383
3383
3382
3382
3380
3380
3379
3375
3375
3374
3373
3373
3373
3373
3371
3371
3369
3367
3367
3366
3365
3364
3362
3362
3362
3360
3359
3359
3358
3358
3356
3356
3354
3352
3349
3347
3346
3346
3345
3345
3344
3344
3341
3341
3340
3339
3337
3337
3337
3336
3336
3335
3334
3334
3334
3333
3333
3330
3329
3325
3322
3321
3320
3320
3319
3318
3318
3317
3316
3312
3312
3310
3309
3308
3308
3307
3307
3306
3304
3304
3303
3301
3299
3299
3298
3297
3297
3290
3288
3285
3284
3283
3281
3279
3277
3276
3275
3275
3275
3275
3274
3274
3272
3271
3270
3269
3269
3269
3267
3267
3266
3263
3262
3258
3256
3256
3255
3254
3254
3254
3253
3253
3252
3251
3251
3250
3249
3249
3244
3240
3238
3238
3238
3237
3233
3233
3232
3232
3230
3229
3224
3224
3223
3223
3223
3222
3222
3221
3220
3220
3218
3217
3217
3216
3216
3215
3213
3212
3211
3210
3210
3207
3205
3204
3203
3203
3202
3202
3202
3201
3201
3201
3198
3197
3197
3196
3196
3195
3195
3194
3193
3193
3191
3191
3191
3189
3189
3188
3187
3186
3185
3184
3184
3183
3182
3182
3176
3175
3175
3171
3169
3168
3168
3166
3166
3164
3163
3162
3162
3161
3158
3157
3154
3154
3154
3153
3152
3151
3151
3149
3148
3147
3145
3145
3142
3142
3142
3142
3142
3141
3140
3139
3137
3137
3133
3133
3131
3129
3129
3127
3127
3127
3126
3124
3124
3123
3120
3120
3116
3111
3110
3109
3108
3106
3104
3103
3099
3098
3098
3097
3097
3097
3097
3096
3096
3095
3094
3091
3091
3090
3089
3089
3089
3088
3087
3086
3085
3084
3084
3083
3083
3082
3082
3081
3080
3080
3078
3077
3077
3074
3074
3074
3074
3073
3071
3070
3070
3070
3070
3069
3068
3068
3067
3067
3066
3065
3064
3064
3064
3064
3062
3062
3062
3061
3061
3061
3060
3060
3060
3056
3055
3055
3054
3054
3052
3052
3050
3050
3050
3049
3048
3048
3048
3048
3047
3047
3043
3042
3041
3040
3038
3035
3035
3033
3033
3033
3033
3030
3029
3027
3027
3024
3023
3023
3020
3020
3018
3016
3016
3015
3015
3015
3014
3013
3013
3012
3011
3009
3008
3008
3006
3006
3006
3005
3005
3003
3003
3002
3001
3001
2998
2995
2995
2994
2993
2987
2984
2983
2982
2982
2981
2981
2980
2980
2978
2976
2974
2974
2972
2971
2971
2971
2970
2970
2969
2969
2969
2966
2965
2965
2959
2957
2955
2954
2951
2949
2947
2947
2947
2945
2945
2944
2943
2942
2941
2938
2935
2934
2933
2933
2933
2932
2932
2932
2930
2930
2930
2928
2928
2927
2924
2923
2922
2920
2917
2915
2911
2909
2908
2905
2903
2902
2900
2900
2899
2899
2899
2898
2898
2897
2897
2896
2896
2895
2895
2894
2894
2893
2893
2892
2892
2892
2888
2887
2887
2887
2887
2886
2886
2885
2884
2880
2880
2879
2879
2878
2877
2877
2876
2876
2876
2876
2875
2875
2863
2862
2862
2861
2860
2860
2859
2856
2854
2854
2853
2853
2851
2848
2846
2846
2844
2844
2843
2841
2839
2838
2837
2836
2836
2832
2828
2826
2826
2824
2821
2821
2820
2820
2820
2819
2818
2818
2814
2811
2806
2806
2806
2805
2804
2804
2803
2803
2802
2802
2802
2802
2801
2800
2799
2799
2796
2796
2795
2794
2794
2790
2786
2785
2785
2784
2784
2783
2783
2782
2781
2780
2779
2777
2777
2776
2775
2774
2773
2773
2771
2770
2770
2769
2769
2769
2769
2764
2764
2763
2763
2762
2761
2758
2757
2756
2755
2753
2752
2752
2751
2749
2749
2748
2748
2746
2746
2744
2744
2743
2743
2743
2743
2743
2742
2742
2740
2739
2739
2738
2736
2735
2735
2734
2734
2733
2732
2731
2731
2731
2730
2729
2729
2728
2728
2728
2728
2727
2727
2726
2724
2723
2722
2722
2721
2721
2719
2718
2717
2717
2717
2715
2714
2714
2713
2713
2711
2710
2710
2710
2709
2708
2707
2707
2703
2703
2702
2701
2701
2701
2700
2700
2699
2696
2696
2695
2695
2695
2692
2692
2691
2691
2690
2688
2688
2687
2687
2687
2687
2686
2685
2685
2683
2680
2679
2679
2678
2676
2675
2675
2675
2674
2672
2672
2671
2670
2669
2669
2669
2668
2668
2667
2667
2667
2666
2666
2666
2662
2660
2660
2659
2659
2659
2658
2658
2656
2655
2654
2654
2652
2652
2651
2651
2649
2649
2649
2648
2647
2646
2643
2642
2641
2640
2640
2639
2639
2638
2637
2637
2636
2635
2635
2634
2634
2633
2633
2631
2631
2630
2630
2630
2629
2627
2626
2626
2626
2625
2624
2624
2623
2623
2623
2622
2622
2620
2620
2620
2619
2618
2617
2617
2617
2617
2616
2616
2614
2614
2613
2612
2612
2611
2611
2610
2610
2610
2609
2608
2608
2608
2608
2606
2606
2605
2605
2605
2603
2601
2601
2600
2599
2598
2598
2597
2597
2597
2597
2597
2596
2596
2596
2595
2595
2594
2594
2592
2590
2589
2589
2588
2588
2586
2586
2585
2584
2582
2579
2579
2579
2577
2577
2576
2576
2575
2574
2573
2573
2572
2572
2572
2570
2570
2570
2568
2568
2567
2567
2566
2566
2564
2563
2563
2562
2562
2560
2559
2558
2558
2556
2556
2556
2555
2555
2555
2555
2553
2553
2553
2552
2551
2551
2550
2550
2548
2547
2547
2546
2544
2543
2543
2539
2539
2539
2539
2538
2538
2537
2537
2536
2536
2535
2535
2532
2530
2530
2528
2527
2527
2527
2527
2526
2526
2525
2523
2522
2520
2520
2519
2517
2517
2514
2513
2512
2510
2510
2507
2507
2507
2506
2506
2503
2502
2502
2501
2500
2500
2499
2499
2499
2498
2497
2494
2494
2493
2492
2490
2490
2488
2488
2488
2488
2485
2485
2484
2484
2484
2483
2482
2481
2481
2478
2476
2475
2474
2473
2472
2472
2472
2471
2471
2471
2470
2467
2465
2465
2465
2464
2464
2462
2460
2460
2460
2459
2457
2456
2455
2455
2454
2454
2454
2453
2452
2452
2452
2452
2452
2451
2448
2448
2446
2445
2445
2445
2444
2444
2443
2442
2442
2442
2441
2441
2439
2436
2436
2435
2433
2433
2433
2430
2429
2428
2427
2427
2427
2426
2423
2423
2422
2422
2420
2420
2420
2419
2418
2418
2418
2417
2414
2414
2413
2411
2411
2411
2411
2411
2411
2409
2408
2404
2404
2403
2402
2401
2401
2401
2400
2400
2400
2399
2398
2398
2397
2397
2395
2394
2394
2393
2393
2391
2391
2391
2390
2388
2388
2388
2387
2386
2386
2385
2384
2381
2380
2380
2378
2377
2376
2375
2375
2374
2374
2372
2372
2370
2370
2370
2369
2369
2369
2368
2366
2364
2364
2364
2363
2363
2363
2363
2362
2361
2360
2360
2359
2359
2358
2355
2354
2353
2353
2352
2351
2349
2349
2348
2348
2347
2347
2346
2346
2346
2345
2343
2343
2343
2342
2342
2341
2336
2335
2335
2334
2334
2333
2333
2332
2330
2330
2330
2329
2329
2328
2325
2324
2324
2324
2323
2323
2323
2322
2321
2320
2320
2319
2319
2318
2315
2314
2312
2312
2312
2312
2311
2310
2309
2309
2307
2307
2306
2305
2305
2304
2303
2301
2301
2299
2298
2297
2296
2296
2293
2293
2292
2290
2288
2288
2286
2284
2284
2284
2283
2283
2282
2282
2281
2279
2278
2277
2276
2274
2274
2273
2272
2272
2271
2271
2271
2270
2270
2268
2268
2268
2267
2266
2266
2266
2264
2264
2262
2262
2261
2261
2260
2259
2259
2259
2255
2255
2253
2253
2252
2252
2249
2248
2247
2246
2245
2241
2241
2240
2240
2239
2239
2239
2238
2237
2236
2235
2235
2234
2233
2232
2232
2232
2231
2230
2230
2230
2229
2229
2227
2226
2224
2223
2223
2222
2221
2220
2220
2219
2217
2217
2216
2215
2214
2214
2212
2211
2211
2209
2209
2209
2207
2207
2207
2207
2206
2206
2206
2206
2205
2205
2204
2202
2202
2202
2201
2200
2199
2197
2195
2195
2194
2193
2193
2193
2192
2191
2191
2189
2189
2188
2186
2185
2184
2184
2184
2183
2182
2181
2180
2179
2179
2178
2175
2174
2174
2174
2174
2174
2173
2171
2171
2171
2170
2169
2169
2169
2168
2168
2166
2166
2165
2164
2164
2160
2159
2158
2156
2156
2156
2155
2155
2154
2154
2154
2154
2154
2153
2152
2152
2151
2150
2144
2144
2144
2144
2143
2142
2142
2142
2141
2140
2138
2138
2137
2137
2135
2134
2134
2133
2132
2131
2130
2126
2126
2126
2126
2125
2124
2123
2122
2122
2122
2121
2121
2120
2118
2118
2118
2118
2117
2116
2116
2115
2114
2114
2113
2112
2111
2111
2111
2111
2109
2109
2107
2107
2107
2105
2105
2104
2104
2104
2103
2102
2102
2101
2101
2100
2100
2099
2098
2098
2097
2097
2094
2093
2091
2089
2089
2088
2088
2087
2086
2085
2081
2080
2078
2078
2078
2078
2076
2076
2076
2075
2074
2073
2073
2072
2072
2071
2071
2069
2069
2068
2066
2065
2065
2062
2061
2061
2059
2058
2058
2056
2055
2055
2054
2052
2051
2051
2050
2048
2048
2046
2045
2044
2044
2042
2041
2041
2041
2040
2040
2039
2038
2038
2037
2036
2036
2036
2035
2035
2034
2034
2033
2031
2031
2031
2030
2030
2029
2028
2027
2026
2025
2024
2023
2022
2022
2021
2021
2021
2020
2018
2015
2014
2013
2012
2012
2011
2009
2006
2005
2004
2003
2003
2001
2000
1999
1999
1998
1998
1998
1998
1998
1997
1997
1997
1997
1996
1994
1994
1993
1991
1990
1990
1990
1987
1986
1986
1985
1985
1984
1984
1983
1983
1981
1981
1980
1979
1979
1979
1979
1978
1978
1977
1977
1976
1975
1974
1973
1973
1970
1970
1967
1966
1965
1965
1962
1962
1961
1960
1959
1959
1959
1959
1957
1957
1957
1955
1955
1954
1954
1952
1950
1950
1950
1949
1947
1946
1946
1946
1945
1945
1945
1945
1944
1944
1943
1940
1940
1939
1939
1938
1937
1937
1937
1936
1936
1936
1934
1932
1931
1931
1930
1929
1928
1928
1928
1927
1927
1927
1927
1926
1926
1925
1924
1924
1921
1920
1920
1920
1919
1919
1919
1918
1918
1916
1914
1914
1913
1913
1912
1912
1911
1911
1909
1909
1907
1907
1906
1906
1905
1905
1904
1903
1903
1903
1901
1901
1900
1900
1899
1898
1898
1897
1897
1897
1896
1895
1895
1893
1892
1889
1889
1888
1888
1887
1887
1886
1885
1885
1885
1885
1885
1884
1884
1883
1883
1883
1882
1877
1873
1873
1873
1871
1871
1871
1870
1869
1869
1868
1868
1868
1865
1865
1863
1862
1861
1860
1859
1859
1858
1858
1856
1856
1856
1855
1855
1853
1852
1852
1851
1851
1850
1850
1850
1849
1847
1846
1846
1846
1843
1843
1842
1842
1841
1841
1841
1840
1839
1839
1839
1839
1836
1835
1835
1835
1834
1833
1832
1829
1829
1828
1828
1826
1826
1826
1824
1824
1822
1822
1822
1821
1820
1820
1820
1818
1817
1815
1815
1815
1812
1810
1809
1807
1801
1801
1800
1800
1800
1800
1799
1798
1797
1796
1795
1794
1794
1794
1793
1793
1792
1792
1791
1789
1789
1788
1788
1788
1788
1788
1786
1786
1786
1786
1786
1784
1783
1782
1782
1781
1781
1780
1780
1779
1779
1779
1778
1776
1776
1775
1774
1773
1773
1772
1772
1771
1771
1769
1767
1767
1765
1765
1765
1764
1763
1762
1761
1761
1760
1760
1760
1758
1756
1754
1754
1752
1749
1748
1746
1746
1746
1743
1743
1742
1742
1741
1741
1740
1739
1733
1732
1731
1730
1729
1728
1728
1727
1726
1725
1725
1719
1719
1719
1717
1717
1717
1717
1715
1715
1715
1713
1713
1712
1712
1711
1710
1710
1709
1708
1708
1708
1707
1706
1705
1705
1704
1703
1703
1702
1701
1701
1699
1696
1694
1694
1694
1694
1693
1692
1692
1691
1691
1691
1689
1689
1688
1688
1686
1685
1684
1682
1680
1679
1678
1677
1676
1675
1675
1675
1674
1674
1673
1673
1670
1667
1666
1665
1665
1664
1664
1662
1661
1660
1660
1659
1658
1656
1655
1655
1652
1652
1651
1647
1646
1646
1643
1643
1642
1640
1639
1639
1638
1637
1637
1635
1634
1634
1633
1633
1632
1629
1629
1629
1626
1624
1624
1624
1623
1623
1621
1620
1618
1616
1616
1616
1616
1615
1612
1612
1611
1609
1609
1609
1605
1605
1605
1604
1603
1603
1602
1600
1599
1597
1596
1596
1596
1593
1592
1587
1587
1586
1586
1584
1582
1581
1581
1579
1579
1578
1576
1575
1575
1574
1573
1572
1571
1570
1568
1567
1567
1565
1565
1564
1563
1563
1562
1561
1561
1561
1560
1560
1560
1558
1557
1557
1556
1556
1555
1555
1554
1554
1554
1553
1552
1552
1551
1551
1550
1549
1548
1548
1545
1543
1542
1542
1539
1538
1537
1537
1536
1536
1535
1535
1534
1534
1533
1531
1530
1529
1529
1529
1528
1528
1527
1527
1526
1524
1523
1523
1523
1521
1521
1520
1519
1518
1518
1517
1517
1515
1515
1513
1513
1511
1511
1510
1509
1509
1509
1507
1505
1499
1499
1498
1498
1497
1497
1496
1496
1496
1494
1494
1493
1492
1491
1490
1490
1489
1489
1489
1488
1488
1488
1486
1485
1483
1483
1482
1482
1479
1479
1479
1478
1477
1476
1475
1473
1472
1472
1471
1471
1470
1469
1469
1468
1468
1468
1468
1467
1467
1467
1465
1465
1464
1463
1463
1462
1462
1462
1462
1462
1462
1461
1460
1459
1459
1459
1458
1458
1456
1456
1455
1455
1455
1455
1454
1453
1453
1452
1451
1451
1451
1450
1450
1448
1446
1446
1446
1446
1445
1444
1444
1443
1442
1441
1439
1437
1437
1436
1435
1432
1432
1432
1431
1430
1430
1430
1430
1429
1428
1425
1424
1422
1422
1422
1421
1420
1420
1419
1418
1418
1415
1414
1413
1407
1406
1405
1405
1404
1403
1402
1402
1401
1400
1399
1399
1397
1395
1394
1394
1393
1393
1392
1392
1391
1389
1389
1388
1387
1387
1386
1386
1385
1384
1384
1382
1381
1381
1378
1378
1376
1376
1375
1375
1374
1373
1373
1372
1372
1372
1371
1371
1371
1371
1370
1369
1369
1368
1368
1368
1367
1367
1366
1366
1365
1360
1359
1359
1359
1358
1357
1357
1357
1356
1356
1356
1352
1352
1351
1350
1349
1348
1348
1348
1347
1346
1346
1345
1345
1345
1343
1343
1343
1341
1341
1340
1339
1336
1336
1335
1335
1334
1334
1333
1332
1332
1330
1330
1330
1330
1329
1329
1327
1327
1326
1325
1325
1323
1322
1322
1320
1319
1318
1315
1315
1315
1315
1314
1314
1314
1314
1313
1312
1312
1311
1310
1309
1309
1308
1308
1307
1305
1303
1302
1301
1300
1298
1297
1297
1295
1295
1295
1293
1293
1293
1291
1291
1290
1290
1289
1287
1286
1285
1285
1285
1284
1283
1282
1281
1281
1280
1280
1279
1278
1278
1277
1276
1275
1273
1272
1272
1272
1271
1271
1271
1269
1268
1267
1267
1267
1266
1266
1265
1264
1263
1260
1258
1256
1254
1254
1254
1252
1252
1252
1247
1247
1247
1242
1242
1241
1241
1239
1239
1239
1238
1238
1237
1237
1236
1236
1233
1233
1231
1231
1229
1228
1226
1226
1225
1223
1222
1221
1221
1220
1219
1219
1219
1219
1219
1218
1218
1218
1218
1216
1215
1215
1214
1213
1213
1211
1210
1209
1209
1208
1205
1204
1204
1204
1203
1203
1203
1202
1201
1200
1199
1199
1198
1198
1194
1194
1193
1192
1190
1190
1189
1188
1186
1185
1184
1184
1183
1182
1182
1182
1181
1181
1179
1177
1177
1177
1175
1174
1174
1172
1170
1169
1169
1168
1168
1167
1167
1166
1166
1166
1165
1164
1164
1163
1163
1160
1160
1157
1155
1154
1154
1153
1152
1152
1151
1151
1150
1148
1147
1147
1147
1146
1145
1145
1145
1144
1144
1143
1143
1143
1139
1139
1138
1138
1138
1137
1135
1135
1135
1134
1133
1133
1132
1132
1129
1129
1128
1127
1126
1125
1122
1120
1119
1118
1117
1116
1113
1112
1110
1110
1110
1109
1109
1108
1107
1107
1106
1103
1103
1103
1101
1098
1098
1098
1097
1094
1094
1091
1090
1088
1087
1087
1086
1086
1086
1085
1083
1082
1082
1081
1081
1079
1079
1078
1077
1077
1076
1075
1074
1074
1073
1073
1073
1072
1071
1070
1069
1069
1068
1068
1068
1066
1066
1064
1064
1063
1063
1062
1062
1062
1062
1062
1060
1059
1058
1058
1056
1055
1053
1052
1051
1051
1051
1051
1050
1048
1047
1042
1041
1041
1041
1040
1039
1038
1037
1034
1032
1031
1030
1028
1028
1028
1028
1027
1026
1026
1025
1024
1024
1023
1022
1022
1021
1021
1020
1020
1020
1019
1018
1016
1016
1015
1013
1011
1011
1011
1011
1011
1008
1008
1007
1005
1002
1002
1001
1001
1001
1001
1000
999
999
998
997
997
996
995
995
995
994
994
993
993
993
992
992
991
991
990
990
988
988
987
985
985
984
984
983
983
982
982
981
981
980
978
978
978
977
976
975
974
972
972
972
971
970
970
969
969
969
968
967
967
967
967
966
966
966
964
964
963
963
961
960
959
957
957
955
955
953
953
952
952
951
950
949
948
947
947
946
946
942
942
941
941
940
939
938
938
935
930
930
929
928
926
924
922
922
921
921
921
920
919
918
918
914
914
909
907
907
907
906
905
903
903
902
902
902
901
900
899
899
898
896
896
895
895
895
892
891
889
889
888
888
887
887
887
886
886
885
885
885
884
883
883
881
880
879
878
878
877
875
874
873
872
872
871
871
871
870
870
869
868
868
867
864
864
864
864
864
863
860
860
860
859
859
859
859
858
850
849
848
845
842
841
841
841
839
839
838
837
837
837
835
834
833
832
832
832
831
830
829
829
827
827
827
826
825
825
824
824
823
823
823
822
821
819
819
817
813
813
812
812
808
805
805
805
804
803
800
800
799
798
798
796
796
796
793
792
792
792
791
790
790
788
788
787
786
783
781
781
779
779
778
777
777
776
775
774
772
770
770
770
769
769
768
767
767
766
766
766
765
765
763
763
762
761
761
760
758
758
757
755
752
751
751
749
748
748
745
745
744
743
742
742
742
741
740
740
739
739
739
739
738
738
736
735
734
734
733
733
732
727
727
727
726
726
725
722
721
720
719
719
719
718
717
717
716
715
715
714
713
712
712
711
710
709
709
709
707
706
705
705
705
704
704
704
704
704
703
701
701
700
700
699
699
697
696
694
694
694
694
691
691
690
690
690
690
689
687
687
687
687
686
686
685
685
683
681
681
680
678
677
677
677
677
675
675
674
673
672
672
672
670
670
670
669
669
668
664
663
663
662
662
661
661
659
659
659
659
658
657
657
657
656
656
655
654
654
654
653
652
652
652
651
651
648
648
648
647
646
644
644
644
643
642
641
641
641
640
639
638
637
637
637
634
632
631
630
630
629
628
627
627
627
626
625
623
621
621
620
619
619
619
618
616
616
615
615
614
613
613
612
611
610
609
608
608
605
605
605
602
602
601
599
599
597
596
596
595
594
593
592
591
591
591
590
590
588
588
587
586
585
585
584
584
584
584
583
583
581
580
580
578
578
577
576
576
574
573
573
573
570
569
568
568
566
563
561
561
560
559
558
555
554
554
554
554
553
552
551
551
549
547
547
547
546
545
544
544
543
542
541
540
540
540
539
539
537
535
535
535
535
534
533
533
533
533
532
531
530
529
528
527
526
525
524
524
523
522
521
521
521
521
515
514
514
513
512
512
512
511
510
508
507
506
506
504
504
502
501
498
497
496
496
496
495
493
493
492
491
491
489
487
485
485
485
484
483
482
481
480
480
479
477
477
476
474
473
472
469
466
465
465
464
463
463
461
456
456
456
455
455
455
449
448
448
447
447
446
445
444
442
441
441
441
439
438
437
435
432
431
431
430
430
429
428
427
426
426
426
426
422
421
421
420
420
419
419
418
418
418
416
416
416
416
416
415
414
413
411
411
411
411
409
408
407
406
406
406
405
404
404
403
403
402
402
400
398
398
396
395
390
390
390
388
388
386
385
385
384
382
382
381
380
380
379
379
378
376
375
375
374
373
373
371
370
369
368
368
367
367
366
366
365
365
364
364
362
362
362
358
357
356
355
354
353
352
352
351
350
347
346
346
346
345
344
344
344
342
340
340
337
336
336
334
334
333
333
332
332
331
330
328
328
327
325
323
323
323
323
323
321
321
321
320
319
318
317
317
316
315
315
314
314
314
312
310
309
309
307
307
306
306
305
301
299
298
297
296
295
293
292
291
290
289
288
286
285
284
284
283
282
279
278
277
276
276
274
272
271
270
270
268
267
267
264
262
262
262
261
261
261
256
255
254
253
253
253
253
252
248
247
247
247
246
245
243
242
241
241
240
240
238
237
237
236
236
236
235
234
233
233
229
227
227
225
224
224
223
220
217
217
217
215
214
214
214
214
213
212
212
212
212
212
211
211
206
204
203
202
199
199
198
197
196
194
193
193
192
192
192
192
190
190
189
189
188
188
188
187
187
185
184
183
183
182
181
181
180
179
179
178
177
176
176
173
173
173
173
172
172
171
170
169
168
168
167
167
167
166
165
165
164
161
161
160
160
159
159
159
156
155
155
152
152
152
149
149
148
148
148
147
146
142
141
140
139
139
138
138
137
136
134
134
134
134
134
133
132
130
130
129
129
128
128
128
127
127
126
126
125
124
124
124
122
122
121
121
121
120
120
120
119
118
116
115
114
112
112
112
111
111
111
111
110
107
107
107
107
107
106
106
105
104
104
102
102
101
100
100
99
98
98
98
98
98
94
94
93
93
92
91
91
91
90
84
82
82
80
80
79
79
78
77
77
76
75
73
73
72
70
70
69
68
68
67
67
67
66
65
64
64
64
63
62
62
62
61
61
61
59
58
58
57
57
57
57
56
56
55
53
53
52
50
50
49
48
48
47
47
46
44
42
39
39
39
38
38
38
37
36
35
34
34
33
33
33
31
31
30
30
29
28
27
27
27
27
26
25
24
23
22
22
22
21
20
19
17
16
15
14
14
13
13
13
13
12
10
8
8
8
7
7
7
5
5
4
4
4
2
2
1
0