924
715
967
488
323
225
898
652
369
148
89
601
481
106
422
326
653
77
785
754
857
649
735
798
376
214
77
709
925
831
379
163
333
388
348
234
91
326
836
394
931
473
259
665
451
431
114
385
687
866
147
570
973
257
566
848
760
375
433
198
744
553
280
234
178
519
446
795
116
612
946
601
100
673
789
556
233
831
42
183
554
868
823
590
278
895
132
454
108
751
690
836
428
210
861
656
189
650
53
219
144
204
362
591
412
723
782
919
700
115
367
503
166
610
884
325
430
628
736
287
290
454
77
191
303
474
372
717
156
597
218
251
437
806
628
927
75
33
830
172
938
50
352
138
731
661
891
215
995
333
627
870
12
28
85
687
914
603
162
247
473
378
548
794
941
10
393
782
825
585
318
586
716
918
206
494
289
21
963
397
295
781
692
728
809
288
224
213
789
739
225
928
594
280
908
216
814
760
249
574
998
260
886
665
787
725
241
758
249
962
709
166
96
627
924
239
584
20
798
120
673
148
497
215
577
790
186
742
434
887
427
334
995
514
733
538
581
992
712
887
81
260
64
282
384
342
794
19
539
278
600
384
220
212
17
109
845
205
525
363
624
576
567
102
350
2
780
564
52
431
979
459
90
658
917
897
822
591
343
66
473
855
214
214
840
436
2
689
582
485
630
695
191
132
183
767
664
117
274
31
62
338
347
289
413
406
716
860
594
318
323
390
18
511
783
673
156
139
308
811
644
398
460
51
625
208
425
224
602
524
952
852
461
129
224
41
552
254
700
179
28
659
821
310
406
509
404
593
471
603
430
948
647
679
0
669
165
119
157
449
658
85
574
170
776
339
193
924
77
923
366
92
972
566
638
691
701
387
500
663
307
618
272
42
111
802
490
720
963
760
812
731
234
704
459
57
286
625
247
689
386
869
465
697
186
646
677
243
799
111
752
802
935
937
379
656
84
973
729
297
923
914
765
669
721
255
880
977
953
763
482
168
945
587
542
89
182
92
19
153
660
458
95
90
539
128
703
355
982
673
237
194
397
950
802
871
182
344
972
627
488
881
937
738
120
774
164
988
152
752
615
522
612
636
26
767
518
647
835
325
53
349
631
362
186
892
576
26
443
85
824
327
747
995
524
781
809
631
924
347
272
522
594
392
816
660
529
770
26
534
544
989
610
955
479
449
304
116
153
669
231
324
315
627
338
472
332
68
507
92
669
741
166
258
955
186
262
980
147
730
894
484
933
851
99
409
676
496
752
349
237
576
802
646
886
473
853
570
553
372
542
366
41
979
675
863
875
104
7
546
145
208
403
314
587
496
265
905
607
542
211
209
939
835
780
906
696
504
564
359
554
783
610
92
701
491
85
363
634
659
476
583
882
387
815
656
426
283
917
369
447
483
343
430
780
151
621
162
698
288
191
336
112
932
935
952
339
711
901
204
223
674
155
283
439
219
843
566
777
116
765
698
629
680
493
333
152
467
613
508
636
322
439
348
410
532
877
128
899
927
612
883
971
981
134
342
151
512
183
684
145
748
51
59
377
188
758
662
854
40
644
473
277
29
226
597
969
837
860
5
348
657
385
319
149
797
332
191
451
539
212
769
905
938
382
126
170
455
913
208
630
973
666
625
110
762
921
401
21
650
908
471
215
583
371
250
670
577
268
0
491
499
288
238
842
526
429
1
49
626
949
189
794
378
463
268
718
799
109
969
669
312
110
917
748
313
172
66
318
857
992
439
446
520
221
555
147
665
466
829
541
308
844
171
599
447
188
441
406
886
52
93
657
785
152
241
522
381
603
513
284
485
223
917
52
891
33
608
653
281
596
490
431
733
21
75
479
149
55
154
37
623
536
221
674
500
555
305
833
21
928
453
704
318
441
578
766
363
198
637
831
385
755
368
830
830
584
941
434
67
113
685
732
376
23
385
744
505
672
710
306
392
394
870
283
595
262
69
604
848
170
233
562
758
479
46
339
222
389
697
944
25
11
51
867
371
427
736
834
625
221
328
285
47
931
102
437
797
366
776
837
419
623
878
366
802
368
150
349
229
740
854
592
928
459
772
377
63
643
315
553
763
452
999
905
1
218
371
221
715
265
585
298
378
140
402
170
388
622
502
741
27
389
582
370
991
539
335
687
301
247
282
613
831
748
67
863
966
384
255
796
989
839
353
539
424
825
758
311
773
273
431
187
561
72
631
679
974
394
734
780
628
335
381
205
590
324
611
342
46
467
216
33
267
496
208
439
178
694
17
996
683
954
305
686
398
205
642
791
182