525
270
296
876
374
779
22
732
918
121
660
916
807
937
518
815
472
452
190
210
947
736
724
24
189
987
263
271
238
679
279
571
698
759
428
417
415
249
116
247
288
676
865
810
865
916
394
967
971
956
764
806
930
691
47
412
566
883
205
352
535
166
441
761
484
593
437
829
446
109
422
525
240
403
708
871
714
8
788
940
503
946
736
564
507
626
371
990
721
690
973
901
971
193
158
831
603
268
792
191
418
928
805
630
8
189
179
853
683
653
717
718
3
197
277
940
37
507
982
624
254
961
639
894
899
985
180
415
815
538
127
567
173
609
440
226
862
483
896
491
524
626
436
117
984
206
480
302
842
942
714
241
575
272
897
826
863
405
342
279
312
944
1
165
669
697
815
505
43
988
474
273
805
647
818
322
390
797
907
770
520
716
711
600
522
454
213
875
991
494
481
721
557
825
903
946
755
447
730
563
295
665
386
599
446
542
742
811
669
49
973
376
864
717
659
599
209
132
674
200
67
164
55
404
751
235
15
84
327
684
530
793
329
266
335
317
791
77
400
665
773
299
862
905
714
776
792
893
482
953
297
873
922
966
528
592
830
558
683
204
241
943
102
185
899
334
953
795
999
124
832
796
389
674
847
587
101
366
189
42
694
286
792
486
582
396
674
380
234
667
947
146
632
633
414
564
419
134
264
313
887
732
319
717
942
327
199
871
339
62
939
902
164
595
802
311
885
55
119
162
139
226
773
199
61
570
979
355
882
257
989
135
623
588
988
2
128
665
119
654
698
153
209
929
254
831
892
69
560
719
958
465
224
154
291
865
440
441
84
276
480
552
311
973
959
557
511
597
843
889
661
46
499
799
943
411
986
970
792
998
686
804
672
114
370
932
93
402
33
879
865
417
909
122
807
524
839
839
873
508
487
223
651
377
950
31
701
468
961
781
461
715
1
597
747
299
265
527
161
440
760
619
235
465
832
632
747
394
486
577
833
809
731
146
305
957
146
825
284
820
211
520
715
357
55
330
521
277
29
932
945
669
589
806
953
171
187
698
797
480
317
324
999
939
448
930
765
244
1
30
571
19
40
2
371
506
57
340
570
904
54
162
53
152
447
527
251
353
876
799
621
287
332
271
987
938
15
104
337
213
617
134
754
450
719
300
636
964
799
907
317
868
467
562
251
241
311
207
514
194
76
135
737
141
883
715
262
374
78
220
556
288
379
800
570
559
794
741
646
209
729
182
498
922
670
660
541
663
277
446
365
478
931
700
667
748
210
896
63
718
253
390
583
341
631
565
66
163
543
982
466
243
879
957
393
952
725
311
546
204
97
483
740
285
88
739
555
563
673
693
943
740
894
212
809
227
997
373
835
911
215
399
391
208
168
434
59
144
41
395
891
23
107
735
887
295
165
527
239
721
983
394
533
808
87
545
18
484
524
343
547
282
330
159
805
2
869
987
167
512
690
282
287
800
530
721
135
788
816
125
257
880
741
928
705
584
961
571
922
632
381
931
884
819
375
687
861
968
374
328
629
674
247
665
446
895
943
674
587
108
898
856
304
71
899
95
715
637
76
194
698
405
785
306
373
436
344
734
333
666
195
882
437
845
330
731
240
884
42
393
660
967
771
830
773
614
761
870
60
831
264
880
913
220
910
508
87
108
963
773
696
872
732
945
664
305
985
686
702
328
643
623
312
142
530
183
215
741
286
638
83
862
861
346
832
477
748
216
873
178
233
299
115
810
968
452
158
933
533
762
327
697
682
516
817
471
545
541
878
668
788
422
905
27
170
107
645
24
645
519
195
288
354
601
384
920
777
979
77
443
798
216
771
216
214
863
759
163
150
85
938
827
161
119
724
452
232
160
10
462
367
144
526
677
30
758
62
858
381
47
127
610
339
328
619
326
649
328
32
27
650
25
732
98
726
801
286
99
127
68
439
533
731
228
112
417
468
107
565
728
125
48
323
578
918
169
382
377
281
752
78
165
157
57
291
809
851
179
111
526
367
645
674
735
977
82
356
180
613
472
774
619
240
246
762
555
333
68
268
243
991
383
113
515
447
669
112
273
863
373
565
359
736
963
621
546
697
587
359
238
146
236
728
65
312
80
546
117
121
376
414
474
82
572
967
916
103
908
545
248
604
145
562
820
521
423
648
592
67
871
75
392
249
576
932
283
275
398
629
137
554
470
347
840
908
616
714
967
911
774
176
479
872
892
789
967
748
377
513
16
686
861
535
344
610
155
512
10
954
921
739
85
640
981
827
788
243
451
274
638