2645
9839
9171
2362
6159
5230
7849
264
6596
7327
4844
1232
1730
9988
3520
1496
3299
455
9135
6339
3660
7425
4739
1949
5127
5704
5542
1362
5350
5010
1009
7860
1702
9364
2564
3733
2369
4165
648
5309
688
9279
931
1596
8640
4492
6339
6810
592
1295
9145
9640
8976
800
665
2945
6615
9992
2015
9296
4161
865
2969
4581
5707
6215
2765
5451
5996
2441
9746
8627
4504
2192
3253
6080
5803
7935
6585
7184
9296
147
3657
9192
9428
2843
665
8835
6257
5282
1432
7503
6815
7924
7405
9810
6332
9535
995
2212
1967
9566
2449
8445
3325
8373
355
5706
6555
6805
9739
1670
7428
5082
235
1760
4492
1308
8095
4098
7301
6813
3107
1740
1718
1063
198
8828
483
4447
1022
323
1016
5566
641
713
3855
30
3065
8787
7086
8057
1585
3326
7490
7298
5523
4712
5580
3201
9775
4538
3440
8765
3290
1056
3454
7260
4454
2032
4645
153
9655
4809
5556
4710
9669
6385
2664
800
2011
826
598
75
5523
9656
2885
9510
8579
2954
7855
8434
3260
4689
9746
6924
1413
3594
3387
5163
1590
8570
931
4297
6104
7410
7327
1128
5803
1756
1132
4180
8582
191
227
743
3338
5768
747
85
4113
2751
8374
3210
2795
2150
7909
1259
6123
2815
5425
5010
5394
8717
4283
2183
688
9424
8443
8549
7948
3993
69
7694
1710
661
633
7617
1124
6791
8763
6597
8764
200
1533
6918
6843
4303
7098
2960
100
3835
8947
8297
4581
1036
9611
8537
1663
9408
553
2010
3171
2253
2969
1073
5468
1008
9011
570
4337
8095
7022
4279
6091
2956
8114
6826
3183
9935
8852
6555
4755
3201
7814
1893
7690
472
2031
4451
9841
9147
8840
7432
4000
802
6345
62
8597
6998
1031
664
641
1964
3110
512
5446
4875
2695
841
2876
7705
2047
5917
4181
6510
2420
1830
2118
9854
376
2020
5797
3080
1125
9100
5363
4445
6743
5045
7669
4770
2956
4492
4740
4211
376
5617
14
5588
8853
9907
296
9315
2365
1206
7860
8536
6281
9220
6580
4314
2077
5556
2331
668
3682
1040
9770
1760
2734
348
8046
9243
9753
4770
9452
8820
1000
1513
406
6485
1235
2212
6875
3106
14
2964
3596
9903
2885
9720
412
7301
3635
8625
5046
624
983
3650
6113
5736
9104
9992
4560
5736
6862
630
7310
825
2782
7388
6181
7229
960
5834
2146
4636
8497
733
4514
9029
7835
427
8179
931
2939
7079
7019
8204
4
437
5209
547
573
4824
6789
9492
380
1247
2032
4770
243
3855
3421
1921
579
2877
5320
7001
8820
2031
5689
648
6385
4678
769
1642
8425
1907
6646
2095
7904
8651
8920
1000
4651
4308
969
1985
3697
8125
7356
2315
4489
4451
5069
5014
7908
6920
8297
217
6828
5243
8204
1020
8951
4645
7425
7036
3657
6209
3078
5479
9569
2483
585
4347
7779
6339
2925
4648
1355
2369
4372
5655
2124
1077
3818
6414
7834
6636
2857
9122
7662
9239
1971
4303
3325
9000
2215
1985
7786
1921
9075
564
4216
9769
6578
9118
6616
3905
8385
3938
4535
3765
1202
5309
3810
1066
2839
9122
5574
896
6171
825
2131
9571
7705
6307
7146
2015
4192
1710
7009
355
2230
3107
6043
800
6989
1973
376
4854
142
931
1259
9551
8541
8385
9712
2959
3597
1448
2999
2331
8419
9832
2215
7098
3536
3112
376
9392
4966
8057
8582
6586
6800
8358
812
4755
1188
9494
9239
1217
8737
4923
8350
1777
97
5574
9551
3953
1479
6252
2964
2286
6866
2315
9199
9261
30
701
6367
5069
9664
6257
7267
1016
2434
1666
5736
8735
1750
2077
9769
7187
7237
3110
6870
7413
4092
8820
9364
9960
6815
2095
1663
4318
8413
9669
1239
6639
1511
1850
5711
8243
2196
6215
8932
3224
9415
2597
7630
501
2695
7606
340
3735
1232
7086
6870
2677
983
7728
9248
62
9693
9676
9384
7146
3390
800
8720
8627
9065
1677
9826
2923
7405
4924
1004
6559
7136
8446
8556
8570
7568
269
7079
6875
1608
2695
6473
9352
9265
2372
1767
2875
5625
4712
9569
1125
9494
1673
5008
9662
4618
3920
7441
2645
7287
8597
4308
62
2342
3735
7267
5500
9903
8549
2650
4770
2875
597
7805
3112
7039
2577
1202
8685
4222
8044
4854
2046
9186
5053
8609
7413
2010
4504
6530
1897
1188
5279
3097
1532
2751
1330
2261
1777
1943
2122
9480
2565
3810
8513
8563
8821
7441
1653
1345
4338
3106
1455
8808
5451
7310
8651
4620
4636
4945
2757
2117
6252
7920
7491
8827
8446
9608
5492
852
1323
5470
8243
489
7489
4852
6587
1004
5843
6116
4461
9723
2821
9676
2030
2539
4099
1362
6199
3854
6678
7209
7866
8748
1191
2825
5699
4062
5415
3211
9509
5741
8720
480
6836
754
9723
3870
4273
5891
5259
3838
2653
992
1702
7475
6843
2425
4966
7740
4253
9480
8835
8783
64
3814
7479
2058
7983
9843
3316
7639
1481
9306
5294
9770
7079
8046
4473
1989
4651
9166
4377
4493
3183
4092
6615
9993
9974
7349
2925
5309
717
2065
2945
8740
3067
147
713
4957
4161
3959
4687
2332
488
7953
2341
3521
7428
5617
4371
9613
2650
6636
5426
6814
4181
3520
5699
5632
865
6617
34
400
7975
5797
1191
7636
661
9693
3933
9122
9710
5166
6385
7428
9098
7337
6615
6338
6594
6559
3450
5994
8625
7831
598
4538
9935
6003
1292
1740
3379
2365
5174
9163
833
1969
9210
1677
4648
8695
937
1009
1209
4060
1760
5996
6862
8425
5994
4705
5768
919
5116
3560
6617
3657
5412
8258
8419
1660
2625
7522
6639
9923
85
8763
1608
9120
7878
6519
625
5234
4180
8819
355
4184
153
1725
4909
1582
1292
9726
6343
6870
245
9644
3080
3854
4211
1788
3185
5697
570
9811
239
9917
7647
4739
7909
7895
5597
4301
2876
251
2539
459
2242
8198
9826
9000
6920
6617
9100
1056
2466
3401
203
584
5035
717
641
7669
2946
3440
6646
3582
4099
2024
4444
2657
4755
2553
5422
9239
4710
3260
501
8233
1769
6307
5773
2449
6108
5412
3124
3733
9550
4080
2657
1052
6123
9843
8140
516
6279
1092
8389
9535
5410
4891
682
5279
6244
243
6478
8810
6998
1378
1538
2215
4461
3387
355
4854
2058
4060
1929
3868
2248
5294
355
5069
1511
243
7234
9720
3635
4435
6292
6989
2347
4542
17
4022
7209
2124
2671
1565
1621
5064
5497
1710
3390
2046
9477
8322
9960
7388
8325
2439
545
6199
7935
6077
9081
9960
4447
595
7075
2801
1077
633
6130
4883
8045
1532
504
7779
1777
5492
6315
4014
9779
5706
7057
6385
2399
6453
1378
4338
3326
6719
8322
3975
2052
7684
3596
1749
6678
695
4843
8709
8347
8534
5049
3635
4418
1661
8827
6519
7065
30
7895
624
2088
5987
9509
9322
7343
380
9769
3972
7953
5014
937
455
1496
6407
2070
9839
806
9392
5329
3449
1830
6505
6455
6385
3933
1571
3465
1513
6681
1668
7065
3455
4580
9392
111
3586
9746
2677
6168
5209
9730
6870
3835
4008
6291
6998
6087
8445
4710
1549
5049
1432
9912
3280
9239
8821
2925
2117
2945
1363
3224
4009
3078
950
9098
4630
2079
514
795
9692
6256
3110
6212
7789
7666
2212
1219
4009
795
3895
5542
2286
5625
7475
8350
4878
5306
3773
6473
6924
7347
516
592
23
9279
2415
1876
9993
6598
6030
2261
3299
7835
6277
1576
546
7639
5834
1947
6481
1949
1362
2841
7958
914
9974
8661
2242
2877
3171
4710
1629
9977
3594
9220
2441
516
3660
1374
4132
2877
2837
94
2664
1568
7792
9629
5699
2694
514
4211
1124
6813
1740
7926
6559
9826
8413
547
8345
4648
877
5680
9477
1479
2577
5588
6275
7835
8175
7355
6681
9493
404
5596
3842
6071
7036
5009
3231
3112
8132
4591
8358
1789
815
9392
9608
3848
378
1217
6554
2030
8297
1253
8541
4279
7791
1576
6963
623
4039
5451
3455
8840
7636
9539
7175
7654
5348
4740
847
742
91
622
5046
6256
1930
9135
34
5970
6843
7933
376
4891
2795
3770
6860
1448
9639
5523
2711
8735
914
505
3611
1040
2024
412
4335
4923
2031
7184
5797
3261
9000
1066
9712
3021
9465
6589
9554
7662
6451
853
504
376
8587
6662
874
5996
3818
5903
7954
1346
8374
4099
6597
5981
8658
9810
9983
7948
4648
5064
2466
9397
9935
9374
9156
9611
7280
6539
4174
5993
501
6652
3770
7779
1479
1232
8734
5719
7098
5247
969
6580
329
8853
2234
3080
5625
1355
8281
8819
30
340
1144
1632
2885
2529
8740
5766
6463
950
5009
8114
9977
4447
8232
380
2105
2047
5218
9927
2889
6617
6907
3496
4538
5677
592
6455
8685
2565
6519
5426
907
3930
1654
5492
9317
6743
2645
4253
8934
9480
2734
7713
3960
1833
1692
984
3733
3381
1053
5635
9104
1511
1075
3241
9703
9374
6178
4360
5474
7950
7785
516
9727
960
7187
2565
1696
7460
9418
3484
5468
8317
5677
9424
9676
6751
457
2316
801
3902
7849
5655
1632
6081
2118
717
8172
8389
9182
661
8515
6875
455
6275
7092
9397
3996
710
455
3650
7606
9698
4764
4335
7797
1964
7891
8718
1144
2011
7065
2609
1144
4807
6977
2876
1830
2775
4814
7490
4473
9011
9480
4923
3707
9316
153
1661
1549
488
437
6530
9917
8728
6966
7669
6670
1756
2124
2250
1973
9640
7773
9441
9426
7234
9492
665
6743
8003
9029
7009
1901
1957
9493
7929
9209
5134
155
7425
6553
4095
1238
8870
363
7639
4875
2140
7029
3106
7527
622
8992
6626
7654
5755
3870
7666
5993
5259
2945
3597
1599
742
9595
6907
5426
5635
6426
1148
6045
8752
8515
800
4462
5227
6743
598
9163
9440
1149
3686
9703
4710
4581
4335
4636
6681
5252
7011
6673
546
8729
2669
6273
1565
833
7076
8783
5252
4535
255
1626
7057
3326
1513
9279
4372
6596
1582
6997
2018
2039
9074
8430
1696
8958
9265
6631
9220
806
682
1789
8916
2743
753
3424
1702
2342
7086
2911
2776
826
3455
1677
4302
1783
2837
3455
87
6091
9682
5064
2432
2957
8859
3861
5203
251
7284
2230
7349
5497
5350
8114
1768
4645
4
6481
514
2404
4687
4435
695
9158
9896
8350
1103
7347
6194
4221
5809
8309
2069
2469
2544
5898
4580
7950
6598
8042
6791
5977
4636
6505
9885
9
1971
8728
8565
2757
3080
8264
718
1576
4146
9192
2845
3290
624
6168
919
573
3953
1297
1513
8322
4060
9835
11
4092
3591
720
9397
914
3540
4876
4337
4057
1653
4473
7401
245
2946
570
1053
7789
6754
2671
318
9147
5174
332
643
9480
2564
1482
7491
7921
4979
9157
5711
3929
1943
8689
5685
6131
8695
9127
794
477
7410
722
4039
6597
2449
2313
1259
1663
6546
9791
5306
8720
753
9315
2570
1549
6481
6071
6810
6743
9539
2734
9002
3787
1653
8340
7660
7440
6203
6343
105
7885
4399
6281
9061
7834
512
8172
9239
9261
588
4355
4814
4645
3424
4542
4493
1749
6670
198
9481
6641
7981
3231
9746
1520
3953
3177
504
2734
5422
3536
8980
2960
8419
1777
2567
8319
8627
7797
6497
6420
3540
8748
801
454
9158
5523
1031
8373
9629
3496
4939
6997
5243
3641
1052
1327
9693
5541
1052
7789
582
3417
9726
8358
8558
5566
2060
588
4770
6231
12
9937
5281
2625
3920
1496
9854
448
8570
8258
4683
417
7136
8754
378
9710
9662
6407
7806
5131
6843
2508
4015
5883
3060
8309
7481
8537
7192
7583
3838
101
940
1964
8661
2099
2047
2946
7310
3112
4498
1073
1953
5981
450
2653
7953
7983
9884
5134
1941
9884
6367
8191
742
1035
835
8734
4398
8537
6646
1362
6862
5433
4163
410
4445
2385
2776
6426
9261
514
2112
6519
7853
4161
6715
6907
2939
8333
2879
3120
214
8045
9726
3323
7935
4397
9723
8333
3183
155
1056
3454
6332
2309
710
8345
2081
597
6003
9566
7169
1590
4
7471
9120
4002
593
9171
660
2535
8253
8852
9843
8187
6800
2234
6883
3870
7895
2995
6152
1892
9656
1516
3307
2070
3841
2246
8752
4211
2469
4002
8718
5077
7334
1142
361
7713
410
62
6313
1660
9364
2969
8132
2889
7882
364
5588
753
6631
650
1455
3299
2577
2830
1319
7924
6426
1348
5755
9675
8264
3765
4909
52
1949
3284
4678
9011
8204
3536
8497
427
1451
9180
6171
9487
7488
5008
2404
7636
5996
1582
1077
7895
710
5566
7950
5680
2303
7879
1092
3265
211
2825
825
9147
4279
5329
200
2419
4444
6955
4891
8132
8443
668
1036
4661
169
6231
117
6317
4536
7184
6580
8130
3972
9937
5967
2597
4580
7944
8322
9662
1702
9426
2185
4400
3682
2148
8541
4686
8729
4740
5401
9120
6777
5768
7561
4359
4489
1417
1596
1897
1025
5993
536
1063
6273
6665
3765
1448
1075
3352
4957
1395
5627
2296
3838
7786
3201
9811
1378
7933
2939
9578
8744
3733
9811
914
908
1768
3868
296
698
457
2843
4335
8748
8340
9832
1481
7948
8916
5446
5243
6366
4372
1533
892
2077
4645
8765
638
5174
593
7708
1433
8642
378
6420
9992
9746
7057
44
3115
6875
6473
5382
1520
5655
5389
3668
2037
4154
1576
1565
8104
896
459
9220
4308
4546
2296
717
2185
2415
8966
3975
5837
2081
5394
1772
817
7471
329
1504
6597
8537
7915
4473
5867
7301
628
6983
950
9321
4295
251
6337
1653
9127
795
6841
6836
355
2024
1417
6912
3261
874
535
553
9477
2099
3972
8951
9180
111
2535
2957
8804
2795
1750
8763
8783
2818
5959
3265
817
1629
6843
4302
3397
2183
156
1128
983
9280
1433
9993
8797
8720
2896
5363
7982
896
6810
5596
3265
6687
7491
9429
9754
28
1892
480
4347
5706
6293
2896
5979
1901
4013
2644
64
7728
2577
8709
1035
9215
2544
2113
7728
6
1408
4430
3212
6740
2625
1849
2571
1016
4222
2070
3610
3787
9492
4092
1235
4165
7527
7136
5724
7666
747
7541
5426
3580
3787
4493
155
76
6788
4824
1692
3996
7401
931
6317
8859
8350
8951
8808
8258
4573
4444
291
6810
4957
5580
1355
8123
5970
5479
4253
7792
4303
5639
1576
1673
5977
2712
1362
376
4013
5755
3657
8437
9409
9613
4163
907
2170
3278
8425
5127
7981
9595
2445
9248
393
668
598
2046
7878
8853
6998
4062
3933
100
3421
68
6337
668
3488
7561
1218
9639
7239
5090
1102
9608
7481
9428
1730
5959
1629
9430
7785
9261
1246
7021
9429
835
9775
7866
3755
2959
9180
1971
907
1878
9533
648
2445
6907
9100
2865
8804
7828
6983
625
4217
2439
8852
557
264
3578
9341
3449
4648
4447
9704
1891
4510
1672
8658
7337
3097
2641
2081
2818
6194
2445
6104
914
1584
4022
622
4184
3536
4712
5279
376
1204
1417
9384
8920
717
1004
6983
331
1107
4283
5977
5848
7779
6577
3424
364
200
9127
5666
7926
1768
5682
8754
8765
7021
2657
8523
2677
3851
2999
989
2657
2309
2495
812
8309
9568
1788
584
8870
2404
1511
7197
9322
6631
4333
8516
1298
9693
2956
4814
9655
7606
8717
8630
2776
4279
6227
6252
9122
3946
825
8640
4039
6253
5523
454
1718
3373
291
4645
8724
342
8549
8853
8697
8515
995
5843
6117
5488
423
9261
7260
8730
516
7853
454
4444
5643
8044
7405
6453
4314
7728
6912
6429
806
9675
2131
2341
6985
7690
8104
919
1673
812
5389
5283
1062
156
7944
3034
2415
2192
6355
9692
5234
584
5140
3842
5008
8389
3877
3959
818
4923
3472
5451
4283
5243
9364
8820
7522
2415
117
5166
8827
1218
7495
8319
8724
713
4315
6478
5936
5363
3902
1504
8776
719
1287
9000
217
7284
1817
2140
3307
7461
9611
211
2741
3765
9891
3874
2961
5127
4080
8443
2711
4409
4451
6113
9178
8720
2982
564
9782
7866
2089
2072
217
4892
3307
2934
477
3387
3650
2148
661
233
1526
3697
3367
9199
833
6955
8859
1022
9166
874
7092
7814
8148
6370
1718
8852
4451
5474
3521
2687
6183
1653
8389
7583
2865
9662
4618
5125
2200
8719
8463
6337
2030
7098
6300
5035
6578
3580
5223
4297
5316
97
592
6244
2432
8443
6797
8606
8187
501
7855
3280
2776
5994
7057
4198
9613
5127
7716
4303
1642
8358
6215
6843
2372
5639
9903
557
3231
1066
4271
5010
5282
5711
1924
1218
3241
9
9720
3185
5896
2645
4022
9380
3905
8951
2466
5440
104
9209
5507
1710
7953
3559
6273
8556
8565
3580
3810
7684
747
9316
5504
633
2571
2118
6231
6212
6366
8781
1862
7624
1385
2954
4687
5977
17
6275
597
434
2246
8308
8389
9306
9155
6308
835
4297
4218
6370
1549
2246
7008
3060
47
6918
2449
3521
2469
5724
3814
5348
1730
4729
7831
4498
7311
9977
1014
101
2344
5451
1673
5227
8717
1519
1125
841
6345
6307
2344
3450
1764
2932
2932
3417
6578
1219
1983
3479
5259
817
717
1788
979
9669
6339
1346
348
4400
8570
8729
9265
9061
5127
4492
596
1148
8322
6615
6998
8095
6860
2015
8358
5153
4013
8852
2344
1053
7935
8342
987
5677
4008
9186
6870
1943
950
2212
2365
1973
2671
4163
219
8558
1481
8031
5655
2821
9866
9145
812
5046
4355
3338
5045
9372
3326
4037
2031
2734
1862
7864
2762
9533
812
8752
9992
6317
2711
332
7031
2539
9477
8175
6315
6791
3201
564
6597
1527
4
2022
5803
4181
2669
6966
5053
1170
9265
1660
8340
3657
2564
3706
7357
4113
9640
2939
5281
361
2072
5488
1663
5470
9374
4360
874
5639
9667
2060
9010
7035
6367
8709
9315
324
9125
3284
2322
1317
6300
8446
1485
902
6307
5294
1646
5848
2664
1804
3905
3315
4115
3380
1849
6253
668
4843
815
8363
6168
1668
503
4636
6492
4807
4290
1621
7740
1432
8125
4514
7209
1901
4546
6977
2837
1308
7948
1056
9012
3697
6281
2644
5697
584
6985
6866
5057
2954
9675
8606
2420
2322
7092
169
2309
3092
1978
7639
2331
9452
719
1103
6171
5470
6199
1608
3582
7192
9000
5320
3540
9
8717
4132
2956
2164
5252
6277
2169
6828
6455
2108
3034
503
2007
7186
7491
4878
698
1672
2250
1775
9779
2572
7941
698
8737
6815
4542
9682
4057
3110
733
9988
4924
1206
979
2925
9199
2570
1202
7237
1253
8859
1327
6826
5597
1588
4181
2088
2439
9241
4979
7008
3855
586
1051
9061
5010
7716
4002
7086
6751
8729
3185
5282
9710
5891
5203
6860
643
2242
2081
3051
4318
5848
4181
214
3682
754
3124
8003
2841
5410
1921
2677
68
7789
1642
2839
2635
4888
7982
1066
8095
7356
2923
9317
3307
410
7475
742
3021
1107
4560
2939
7666
348
1298
2079
4060
7301
8140
9660
7522
2022
1788
6463
8728
4303
30
9769
3560
105
4535
7098
5010
9832
7806
1485
6577
7929
799
3284
348
6598
3379
9374
9002
5150
1532
892
9501
1549
8425
6043
6589
8728
8179
3171
2669
8065
9927
2434
6687
7255
9667
5134
1850
4881
2839
5507
4852
8563
8337
5451
4031
8932
1378
4947
7791
526
2387
9315
3818
2885
7617
1750
2857
1844
9935
6225
8874
713
650
4888
2419
8740
2032
1191
7009
6870
3779
355
3065
3136
2185
5446
9452
7425
1253
6451
5049
5412
3110
7445
5967
3382
342
9261
6485
564
6998
7953
3765
9171
5401
8537
5125
6043
6275
9315
7617
2625
1519
34
6777
1923
9811
3338
8172
7229
404
3762
6085
688
2650
6183
2961
7153
7948
2669
265
6474
1507
5309
3425
155
5009
6
400
1516
7079
87
3770
1650
264
1767
7343
6277
105
984
6977
1459
5964
1833
5677
7086
4318
7878
3948
9779
4163
8625
3818
5049
6814
6129
2644
8430
557
9374
9921
4883
7786
7779
3959
4869
6977
8875
2137
4302
3874
5596
4881
446
2069
7935
2960
3631
2399
9355
5500
7636
9209
2865
4461
9710
6788
82
6253
2743
1599
604
8976
6870
6104
2730
7933
423
4620
2185
6339
3316
7256
5389
5677
3560
2650
3682
1703
9255
2395
2037
1056
9845
9932
8317
8497
2420
344
9430
3770
4473
8989
227
4217
979
7232
5294
2956
3352
4360
6985
5019
1860
719
5977
1075
1063
505
2011
3707
1345
2669
6636
4367
622
9147
4939
7362
9
2954
111
2164
7009
5523
3449
6554
8434
4009
8378
665
693
9983
1016
3387
6596
1399
8198
44
3848
1772
2347
6420
2896
407
4924
4184
1362
6546
1007
211
597
1897
1588
8317
5251
2959
9098
6451
7488
5632
5412
1451
9977
9125
4271
7975
9974
7774
404
8719
8419
5736
8105
6366
585
554
900
9256
3597
5574
2183
6586
8810
214
526
9241
3927
1584
1144
76
1941
2666
2969
4400
747
2712
8689
8658
4824
3323
1943
4648
7210
4689
5282
948
4104
6920
2322
9280
1653
8322
9676
2876
4661
2095
1696
7186
8797
5356
4253
6300
8190
9923
6600
6181
4591
9943
6758
5243
6673
7630
7012
6345
4029
8810
448
1346
3683
8640
3996
400
595
3488
7713
5500
6071
6332
4544
9010
3323
2385
6875
8764
8813
2830
2572
4493
1124
2341
44
2650
7226
2242
2007
7669
8330
8737
9854
7339
111
3874
5768
582
900
8958
1632
4492
4034
1892
8363
1844
6257
9832
5082
7051
623
6003
6554
960
9568
3106
9903
9839
2734
6385
2762
6016
1725
4809
75
2449
1125
5348
9430
296
5982
3845
8463
1775
9157
6116
4180
8233
6171
4764
6966
8709
5230
1500
546
3813
1346
5516
9248
1973
3641
1219
8186
7574
3930
6546
4645
8172
3136
8130
1632
6300
376
1300
624
1399
455
1209
9364
1654
2931
7948
2242
2553
5281
9690
8186
9199
3745
4875
5677
3207
2105
5203
1585
892
7413
6187
5234
4824
9192
1188
9209
344
6339
6810
1280
2011
2711
7075
3421
5516
323
5977
8392
2414
6087
2420
8233
4651
5415
5223
7981
4301
9372
9317
2469
1064
9441
8734
7636
6492
3065
4504
6546
5091
1576
6862
9315
4764
2758
8233
1447
553
62
3485
5689
3959
8437
4008
2221
1696
6257
5090
1768
582
9074
1661
3895
5150
3207
4764
7831
2010
6129
4445
9158
7029
8175
9255
7479
7447
7941
3325
4002
4115
1170
5639
2261
2325
7075
1064
7866
8191
3326
5275
1276
4347
2959
9181
6589
6989
514
8308
4409
477
6129
5492
2069
153
472
4591
650
6662
2372
5306
1876
3785
2286
8810
1977
6828
6883
4115
1052
1008
924
6178
1764
52
2865
7226
1327
2529
969
7694
8804
8728
8385
5680
1404
6273
9667
2215
8875
8531
5848
4370
4568
8671
1599
3959
5045
9156
6233
9693
2185
9364
4146
4591
9341
332
3996
9672
9158
7146
200
9012
7239
2069
4060
7280
5773
2118
1957
7229
6977
8748
2365
2422
5834
7713
5328
7086
1538
4115
332
5707
5816
2192
8391
6081
489
8531
1276
7853
6087
2169
8342
5446
2641
1319
1374
584
6665
5896
504
3787
7982
7079
8175
7280
2325
1769
477
2099
2414
3425
2309
3765
9644
7417
9380
713
720
9061
1781
6883
9921
8827
3110
7909
2635
6652
2546
3260
2342
2768
7922
2072
7260
9769
6252
6862
8870
2112
4770
7460
7092
6252
1232
1417
1496
489
6615
8095
2889
9655
1608
9011
2047
7123
5077
7075
6800
6473
1206
5955
8578
1031
3284
8179
6345
8445
630
6715
1527
6077
8549
1764
8734
3120
434
2118
1764
9029
400
7187
8211
2995
4854
5446
8445
6003
4098
835
7831
5542
380
2553
3631
4198
9539
9698
9074
688
9769
4398
1703
1803
4314
1817
1967
7343
6178
9584
4636
6997
1406
8797
3207
4039
8728
559
1978
8797
3855
5410
7944
8179
2657
364
4739
4163
2072
1718
7039
1957
3038
3401
9382
584
6085
4165
9839
1300
406
553
8258
2734
794
75
7950
8536
9374
2070
4687
5008
155
9127
4542
28
3316
355
2609
3171
3479
6463
1204
733
6458
7882
3724
6553
9690
633
9397
6788
1901
1021
7488
5803
7086
8765
5898
950
2597
2957
9492
5401
8732
5095
2544
719
235
9065
5362
6189
8916
8813
4807
5994
1788
6546
239
3387
4198
8140
4892
8140
3596
4400
4370
7460
8644
9243
9493
4651
7716
5970
233
802
6587
2876
1062
2060
2248
6539
87
5328
4591
4217
379
7471
7475
1303
5082
6567
4113
8947
6815
3920
1626
2565
6652
2695
2875
682
318
8709
5014
2
570
9155
4510
393
1769
806
378
8095
1149
9571
1568
5415
722
8130
9135
8804
2671
2571
5655
6130
1511
489
2565
1571
5588
1565
3607
3641
2142
3851
410
713
6077
2007
7337
630
6130
9000
3631
1777
2546
9456
5279
1696
4651
2046
2117
2700
363
9248
1069
2577
8916
5320
3953
446
1622
1941
1969
7092
7920
9243
8840
2441
5468
7849
4367
6639
4198
3933
477
2843
8702
9053
4009
1576
1660
2030
4029
6045
255
1907
6497
9426
4057
3686
142
9352
2122
3814
1447
3668
5981
8763
6596
1219
6743
7146
6117
2885
6300
8232
6646
7630
1571
6071
8057
324
412
2124
4318
7654
7255
9693
7975
4888
6385
1142
4489
630
489
3120
4618
1073
7192
5125
28
8671
9199
1720
2404
8625
8123
3578
4347
4451
826
8211
8578
5967
892
4881
2650
1728
3145
5766
2015
2150
3425
7355
3635
902
7904
3171
2047
1287
6673
8187
5588
450
564
4770
1288
3975
2018
8724
8445
6277
5597
6519
6985
3578
6003
9408
4014
8597
4132
2483
9811
1582
5816
8186
7460
9458
7334
5979
211
7574
853
9811
1788
4062
447
1378
7440
7146
8916
3067
6426
9500
340
8385
6586
3607
2657
2007
4740
5328
5049
8190
7950
7379
2079
7948
5243
8264
769
9280
7882
753
2037
380
1142
2775
1897
17
9053
1629
2939
332
5592
9255
153
931
9753
7958
5243
8325
3787
8175
4560
4132
3241
815
3536
2372
9791
623
6788
8916
5883
85
4712
376
8125
7630
6256
9065
2395
1459
5446
7192
2406
5959
8345
6225
849
1319
5
9933
6317
622
1893
2065
1971
984
75
1511
9477
1648
1584
5440
5053
4461
950
8797
1596
6455
8724
5227
2961
722
5848
9415
7637
5987
665
9158
5903
3401
2369
447
6883
6530
661
6673
826
3770
9667
4462
570
1330
8389
2404
4271
799
1971
7806
7528
8989
7209
718
5010
8342
5689
8319
9723
5711
9135
1311
2730
1582
3657
7401
5967
6966
1259
94
1366
6292
6639
76
7736
2425
6646
9416
514
5993
6412
3723
2712
6805
841
9100
5643
2169
1149
9209
1297
7786
5724
9921
5412
4591
9075
3401
4290
1021
5203
4852
4132
2422
23
1124
9424
8870
2015
1345
6212
3397
6598
6624
94
9644
1582
382
1253
7388
7280
8744
5755
6555
7933
1308
8947
8042
2205
5697
6130
9416
2734
6826
97
8578
1646
2230
6777
9149
573
8333
8430
6521
8071
1217
9317
269
4966
2445
1757
9002
5415
4180
9586
7405
4869
214
4301
7031
4648
76
4409
3185
7280
4099
2795
1585
2088
7334
5010
8724
9075
4192
6797
7864
1385
1730
4174
1162
1728
1596
1668
1259
995
8187
3212
7021
2876
7660
2664
526
9723
6412
5492
6332
7789
2309
7008
6343
4060
7639
1608
8695
722
8179
7662
6455
6553
754
296
2010
4875
9917
5309
3261
4217
6236
1576
7852
3338
8523
6559
4683
4253
243
9690
2775
5639
4770
5574
7475
8330
1296
318
6473
7256
3765
579
6291
557
5415
9988
9480
8734
794
2522
7891
2650
5282
3537
3261
8781
710
3381
9533
1876
5994
8958
1789
3582
4957
3120
5488
3668
5295
75
5706
4457
9644
6611
5977
2653
6293
3379
3813
3762
9927
2112
1549
9155
5457
4473
2164
2911
9692
1447
9902
1323
9500
7716
4686
2230
1964
7379
1768
8709
1907
1040
6366
2070
8264
7786
7606
1319
2687
249
9835
2322
2485
8523
2279
9682
3326
5014
3948
6826
1374
2751
5632
7641
2122
227
5209
2200
5711
1170
4904
7169
3877
8308
6252
4713
919
1031
4022
2655
8827
9545
9927
2116
9656
266
2246
6924
4648
8852
2362
1527
269
3594
1148
1298
833
2415
2803
1983
9571
340
976
1532
6337
6966
2146
3417
3842
957
8689
7009
9693
8729
4399
6681
8859
1803
2623
4939
628
9440
2954
7786
4006
5382
2432
726
1209
908
9429
1897
9730
1703
9315
8044
6117
9241
6866
155
379
1907
1565
9315
6828
2577
85
4008
5766
9770
6641
9428
3201
1672
1202
324
2768
1565
3787
5507
472
6827
9727
553
1666
6782
1504
3051
4120
5154
5127
6958
9158
6836
7541
8541
7310
243
2508
2865
4591
9993
3421
2644
11
3279
4581
4370
6600
7666
9147
4181
6279
1533
8179
3315
7982
7405
669
214
7209
7347
4039
7284
6113
9974
6624
2825
7229
669
7694
4002
3650
3521
4146
5282
8186
1768
3207
6758
355
9352
1907
504
3842
5633
6883
379
7362
4000
1859
2741
6212
2286
1718
3484
5597
847
2751
4295
7574
9166
7705
6178
588
1471
2046
4843
4039
3959
6510
9690
2052
8204
457
3861
7031
6
6678
8852
8558
2261
7260
668
291
9692
363
1217
1374
1253
4631
5680
1590
6841
2666
7209
1653
4271
9992
6600
5209
1621
2039
1482
5350
1629
7641
692
4814
9535
5325
908
118
8682
1507
5064
2
3110
753
4661
9239
3261
2830
1557
9993
4457
1162
2795
7175
3401
8345
8609
7428
7909
4297
8104
3920
4447
4498
5523
30
2775
3745
7051
2666
8190
4271
5487
5680
1017
104
5566
361
9726
4729
8558
4338
4504
2420
4648
9692
7343
6171
4031
2700
9595
8198
2695
5049
1182
6326
3536
2316
3326
8003
6611
852
6178
5394
5116
2039
1007
9545
8735
4213
6554
7146
1650
1287
7789
9802
1073
826
596
3773
3176
17
8044
2825
446
556
6665
1621
3450
7736
393
5566
2947
3484
4814
1132
3607
4844
2959
6077
2818
6080
799
597
9316
8709
6337
5163
5415
7310
5037
3870
1288
355
91
6420
6617
8233
2734
9000
6339
1749
948
4945
5077
2961
4211
4120
3455
7343
9676
3874
3870
2032
6777
8718
1433
4683
535
2099
3065
9720
4451
4683
8874
8734
7662
8515
9907
8579
4092
3993
8587
3933
1451
1319
2837
4213
3810
2150
7062
585
7255
1533
7239
5230
6453
7347
6616
1471
6596
4359
2150
9917
8378
1516
2309
5218
9219
5848
4290
4290
3260
6958
5309
1170
8642
9660
5325
3284
847
472
5470
6117
7194
5415
719
9352
2606
9669
97
3927
3424
3724
8754
5755
9100
5009
2039
1969
6116
815
3354
1943
2348
3183
9554
6841
1897
2754
1348
7368
6955
9061
8976
8764
1728
6825
1626
8689
62
9241
5492
5474
9397
7355
5283
593
7280
695
9510
219
2387
8827
8717
1769
4253
1036
1479
459
4807
6977
1672
8337
9835
8459
3097
5566
5337
8515
3855
3465
2032
1985
8565
6070
8347
5711
5010
7413
331
5580
6555
9977
8556
1298
4080
433
8347
2931
1585
7112
3387
5279
71
5295
4678
6016
2469
6367
8565
1021
5724
722
211
4303
7349
3861
9791
5996
9660
847
3110
2711
1485
496
1077
1259
2956
7280
754
6152
4437
4009
2089
9220
2234
9256
406
7684
1632
8363
5580
9355
6912
5415
9655
4314
9739
7690
6789
713
1663
792
34
2309
4080
6108
3946
5082
812
1432
3755
8191
6339
2445
6626
3201
7226
9769
9279
6339
8172
1399
9156
7728
2169
9315
7789
410
7175
3755
9775
6652
7950
1526
1432
7123
5685
9611
7672
841
2577
4217
1246
3390
6924
7636
7267
9220
1253
665
2956
4651
91
6912
7954
948
8130
818
8835
9974
902
9791
7012
8057
6958
4844
8804
7440
9810
8325
8682
4006
1209
8443
4966
9993
4368
1385
9656
7441
8781
5903
3440
7065
2628
8258
4881
5867
9746
2331
6016
2645
4915
3631
5440
1017
3323
6252
2279
249
664
9644
4409
1009
6300
9095
156
7092
3765
1317
4256
8818
3770
8172
9120
6236
9720
406
3038
5008
2449
5993
2495
5294
1860
4712
3993
6080
4636
4221
5214
7672
6345
1362
9384
9703
5516
9779
795
3899
3450
1511
8748
722
488
6087
9415
6646
6631
937
3485
8232
1850
9960
5316
7334
3382
633
7736
2122
6080
1073
6091
3733
3591
5516
1206
7237
4015
6546
2058
12
8829
5422
7192
7840
9866
2896
1859
9584
4192
1876
9501
7153
3813
9664
2047
3953
3092
6
9428
5917
4694
9430
5320
7001
7284
2467
1505
3895
2122
9255
6754
1769
7018
4892
7310
1408
3080
9832
3580
8565
1943
7051
1513
1204
7368
7355
4729
8253
1303
6130
2553
6782
2597
5290
4894
4099
3417
3120
3755
1629
5896
6181
7490
3635
5057
5281
6521
9935
7259
7864
9682
8730
8932
2010
2449
6441
6521
6463
3133
2572
437
3315
7694
957
7356
6875
69
3993
6797
8104
4279
7445
9220
8130
6209
2821
4318
7210
2342
6292
5410
4620
2677
847
6307
4843
4684
9854
269
9374
1394
661
931
8661
3080
6291
8046
1088
8065
1930
8597
2762
3927
8818
3450
5891
4966
2037
9693
2406
1394
9937
8516
7410
902
379
6631
7828
9125
4824
5741
7797
2606
1764
1295
6414
5457
5412
8378
9726
2655
3521
8818
459
9992
256
7786
9943
1590
2564
243
6256
3425
3352
2758
47
7630
7031
3455
2741
3171
6308
564
1206
7785
2164
753
2150
6104
6253
2641
3373
7713
2666
1303
1777
2801
2322
9125
361
6412
5542
9458
907
1246
812
6189
2122
8859
2058
7915
7146
8874
8835
630
3421
3455
1897
2687
6107
8827
4504
9587
1924
9210
630
3724
9845
1744
9171
3034
5316
9380
7379
6123
9854
1485
2782
1297
7491
1557
7779
8728
2635
8923
6751
342
3993
5035
2879
2116
3611
6152
7666
592
4473
9676
1102
6458
8071
6407
841
8355
1206
7654
1943
2406
2650
2925
7909
1017
2695
6586
6970
9884
1788
2995
9384
6662
4422
4100
3284
5153
8587
6724
342
9720
7568
9215
1775
1844
5959
6253
1209
8709
4014
1973
8516
2730
4400
4253
2879
245
5348
7786
2279
8516
5163
3902
841
8661
5898
2961
2309
6279
7785
9012
5982
2666
403
4888
992
4824
5082
2342
8976
5633
6920
2422
1209
795
4062
6597
9428
3735
559
5425
4014
1832
7471
3856
8232
812
2946
433
2865
1730
815
9186
2956
6554
450
340
6626
5422
1345
623
3927
4377
3657
2923
1576
4165
9726
2546
8148
9322
2865
7226
2030
1238
9769
1568
329
3877
1148
2999
3899
9098
6345
8531
9841
3787
1404
9682
9029
7656
4273
4966
8350
754
7029
9156
8835
6326
361
158
3112
8459
5397
2570
931
1202
9655
9587
5363
3367
2432
9178
8685
896
5797
2825
2399
504
557
4015
4544
9988
1978
6559
450
3702
1725
7070
6826
806
2015
8661
7136
747
8258
8198
6631
7019
4297
4581
2645
892
5451
3706
3604
2344
5325
7490
382
9352
5337
2609
5046
2316
4222
2024
3905
1923
6724
5596
7347
6805
7654
2420
1568
3536
2535
2170
3773
2058
2406
7785
5329
4181
2553
7284
417
8697
6958
2105
564
2279
919
5282
6256
7062
1668
800
9081
9644
4359
812
5578
6624
7229
940
4308
3851
4568
9839
9992
710
2623
5251
9582
1067
907
8651
6789
5834
6277
2246
9166
7915
7280
9181
812
1527
1626
4536
4221
3697
5741
6016
2694
8071
364
1374
1789
227
2095
5451
5719
8958
4095
3611
265
7606
6117
7953
1969
5174
1977
2483
2112
8437
1016
3929
1155
7284
6670
4216
6343
6553
6587
3854
11
2030
2795
8640
3724
9835
7051
5247
3856
2441
3611
1557
3078
5898
4883
4370
2445
6918
1576
2644
1949
6108
6279
7255
7805
9917
6178
1833
7489
5504
3379
9166
9418
1217
2140
8734
4218
9903
7920
5741
5053
3948
9100
5337
1124
3472
6641
6293
7490
2020
5069
1750
2801
361
3842
3185
7860
2669
2553
3212
2896
3110
8534
824
4454
4218
1939
4335
7672
2757
1692
496
6329
489
6860
2564
987
847
9355
7647
3540
8461
3972
7194
633
3682
3668
5209
9782
4881
1772
4283
3773
9810
1170
6273
7226
5724
9554
5964
3841
1064
2124
4489
1062
4651
7018
4161
1930
2544
9782
1155
503
1327
7070
4057
82
9509
4290
477
1330
4869
1075
4544
1661
1672
2344
1432
824
641
7852
5487
795
7186
7636
4683
8461
4009
7447
3106
5703
9306
1626
4454
769
2015
2564
8490
5492
940
5898
8787
5337
7882
2879
8951
2795
6463
7327
9746
3211
8537
5281
427
7953
3787
8923
7136
1317
5370
5541
800
1989
2754
5766
6636
1191
6203
7636
3338
701
1772
4636
6292
1907
404
7327
7337
1346
3465
9669
9382
6724
8358
2414
1406
2734
7527
7298
8541
4418
2077
1053
8105
3224
628
4462
3231
3424
2954
4336
2795
4301
4146
2577
6474
1319
2650
2567
2253
7814
1202
7008
4022
3899
8051
5993
1626
8140
2454
2765
7878
736
3177
3307
2315
2079
4437
3597
1209
9586
457
2896
4694
9480
233
2653
9317
9791
1482
4198
8204
1702
6108
3176
8720
5045
8051
9770
9424
153
3723
8558
1432
6977
701
8132
1395
4039
5596
340
5008
1155
9424
4422
8787
817
664
5542
2309
3450
477
1803
743
9667
3092
7924
5337
4824
8114
4580
79
4370
4844
6370
3933
9586
2734
7209
2369
1448
1568
588
3835
1749
380
3080
2385
2653
8748
504
2946
7153
847
7035
9727
5053
2060
5797
6743
8490
1718
9769
3841
2415
4418
6598
1088
6233
8379
4100
7798
6617
3613
7694
2577
8046
6307
361
407
3697
1817
9566
2653
2081
1232
638
1622
1921
1148
4256
7234
5542
8130
2875
3870
6715
8534
1253
2999
2741
2839
6586
3224
9584
7574
3282
1696
4457
7356
9640
6193
769
2024
4080
1232
516
643
9487
6866
1696
4740
269
361
3440
7828
9912
4315
4400
8114
8044
7716
4359
9690
8430
2369
5014
5970
1718
6257
8748
1238
8661
9977
266
638
9656
407
3946
9382
9640
6615
3868
4514
2815
9839
1288
8114
8818
6626
4271
5706
7112
9974
3582
2449
9209
4301
9100
9629
2253
6673
6355
9533
7527
8358
6329
3855
5706
9843
6805
2954
5174
2031
291
9384
4120
2047
6813
104
6420
1040
3465
6104
9426
695
2434
1148
2730
4399
8534
2644
1957
3938
4218
6585
2931
6567
2567
7496
2741
4273
720
9935
4303
8325
1297
1035
2775
2095
8350
8584
7953
1308
6343
9180
3097
8445
1971
2112
9074
5091
9917
331
117
3841
4095
9644
6116
8752
8140
318
2399
7702
4214
101
5446
5279
450
8172
4618
5936
8958
2069
4498
976
9866
7834
1217
3877
3454
7849
8172
1654
3735
1296
2712
3996
8695
2625
5045
3381
2765
1764
3080
7355
1471
7461
7909
1568
3597
8358
2544
2700
480
3917
3110
8413
2741
4451
52
6043
9104
85
3425
9727
118
2609
7496
2105
9321
3373
6339
5617
5251
1319
1485
8853
2131
3241
6168
7866
8430
1565
9081
1188
7561
2564
5981
4246
9163
235
9584
4399
8345
2664
7153
4014
255
8804
68
4620
505
3397
4095
2911
8697
3241
5214
7785
5919
8322
9424
7662
5588
8537
8947
3177
1582
7503
104
4492
3284
584
8744
9409
6754
8989
8813
753
4454
455
6687
5711
9712
6448
1585
4120
1355
6317
5348
4546
7471
2875
6966
1182
900
11
3610
2570
1216
1967
5704
8258
5363
6860
9010
6843
9181
8829
5247
1128
794
6998
7828
1725
3479
5635
147
255
1783
324
8513
2369
79
5
8882
5046
6123
2341
9382
9907
1740
85
1772
400
4368
7814
582
5046
992
1520
296
1983
2131
564
2758
8385
332
1471
1964
8172
4694
6966
4198
9341
6559
3373
9243
4216
6345
950
9655
23
4092
6792
5127
7425
2671
2606
1930
7606
9917
1788
7922
1507
7656
8317
5363
1385
7878
7260
7944
5046
245
2088
4355
2246
1045
69
8829
1346
9156
8389
9265
8732
2923
6617
526
8818
4092
6215
4399
9578
9104
2960
6615
7441
2830
7921
2362
6841
378
1235
6116
6554
6826
111
3284
9000
6337
7065
9452
3465
801
8497
2539
8319
5574
8541
5415
2445
4008
1125
9083
2131
3067
9120
3417
1860
7954
2022
1311
8735
8682
434
9209
1297
682
1202
8797
4100
3972
2825
2325
2313
1433
9355
2934
3920
4909
3591
5309
3611
8374
7617
4315
9832
8689
8350
3484
7495
7337
5394
9662
983
4710
3038
1571
158
9280
5174
3706
1750
1608
2337
6792
6225
340
3770
2008
7662
8682
9127
622
5090
8945
5542
2775
6326
2572
817
5979
6291
5008
5677
7001
5009
7112
6958
5363
4686
5014
2046
9075
710
5090
4338
7922
6754
9415
3382
8932
604
512
8549
553
7259
1710
2635
6244
6828
2628
3034
7065
7983
1849
3953
4057
1703
1844
9248
3650
4734
4113
9481
5223
437
2142
3650
3755
7831
3488
7310
6332
496
5247
7379
4924
9372
2597
8264
1394
6866
6810
1000
6281
3107
546
1056
6600
3185
9977
8258
4843
8392
8211
3183
6199
4165
5283
4457
5090
4352
4915
4104
6130
825
2449
1259
8419
1804
5666
7806
1710
5350
2522
9983
450
1943
2385
2821
5488
7637
5816
4535
2170
9098
1646
736
7786
7239
417
7355
1516
3948
7624
8045
4881
7785
1511
3382
28
4057
9065
1142
12
211
361
100
62
688
660
6030
1348
3959
4308
7280
118
9155
1051
5095
3537
9739
7012
1565
1206
2671
251
8827
9826
4945
5174
2751
3231
9672
5993
7630
4062
957
71
1893
5370
2399
963
7660
9372
5440
8627
1891
1907
9937
6478
363
8140
1103
6870
7019
3387
5457
5433
9656
1576
7779
564
6227
2628
2070
2876
52
2072
2439
7568
3975
722
85
3417
4729
2039
8114
623
1346
6152
6817
9219
2875
9554
459
6782
1408
1062
1217
3697
5639
2485
8671
9418
1582
1673
6815
4435
2801
7666
3702
5401
6580
446
582
2669
9100
9746
4770
459
557
2060
3107
806
1588
5625
5917
1066
4457
1817
6577
669
6777
7021
11
3379
3488
1132
7461
4694
9655
9416
7440
5051
5227
4713
1527
2572
7301
5431
97
2248
8882
434
6209
2466
235
2434
7975
6539
6279
771
34
5689
8373
8828
6338
1781
5504
9380
1941
754
9321
718
9279
8697
9215
8966
5382
8728
8123
2105
3136
1056
7260
7347
1756
598
2896
3660
235
8296
9902
8729
9206
9083
8874
4271
1862
9256
2248
9440
447
3112
8044
5891
8463
5230
7441
1703
1949
5655
713
3762
217
8630
7311
8523
2372
3078
30
7256
1949
3706
7009
9712
2741
4399
5306
9977
5394
1725
2137
3959
3424
6586
3106
2995
4445
6215
7347
6639
643
7280
9655
4852
3560
249
826
2112
701
1989
1538
9155
4686
9885
2420
9885
720
2296
5981
3723
3854
6091
3537
5903
5389
3963
8606
9703
3975
480
2653
8808
6521
404
4510
8391
4422
4854
6209
5566
9545
1507
1300
34
9409
5474
3185
455
1216
501
1622
448
2047
9841
7586
4273
5363
453
2469
3724
4966
6636
1149
6277
742
191
3770
6407
1482
3855
4370
6129
3064
6016
1989
713
104
7489
595
6860
5431
6875
7852
4120
1000
8413
3201
800
142
2687
3996
9239
5077
9992
5597
908
8819
8776
5251
269
5704
446
8392
4360
4687
1287
7079
3318
6003
3133
1772
1481
3212
3107
1629
2404
3631
4315
8945
9712
1804
648
792
7175
6963
2743
7690
8355
5891
7574
2625
5977
2730
5053
5283
4029
9181
1504
4057
169
8804
361
3604
2896
8191
924
570
1557
9206
363
255
8853
1413
5433
4876
825
9012
2060
9754
8787
2677
2052
2815
9178
2024
5223
9122
5425
665
1789
4504
9251
8563
3078
7797
7349
9578
7835
6788
5867
6308
6492
5588
992
1155
2124
983
6955
71
6355
2945
1878
9374
483
6292
8729
987
9843
6414
4100
7933
2018
9010
2309
9903
1860
9261
6227
6212
7232
2712
5259
9903
9255
2146
1288
9569
2711
348
3253
1103
5051
6291
4217
9690
722
821
265
6546
4462
9921
8531
6178
6662
7079
3638
5903
158
4318
1807
2877
6983
1513
2342
1317
7806
1067
4246
4923
3787
2483
5049
4581
4215
9384
9316
9465
8198
1297
393
2875
1812
6366
7445
5431
9644
5134
3060
3845
940
2644
5773
1287
726
5247
2185
7260
400
3578
2795
1859
3582
8882
7981
434
2439
1276
2024
245
3559
5446
7445
5282
992
1971
3424
1756
1563
792
8947
4283
5415
4729
547
7929
7334
7669
9241
3224
2801
3920
8045
3472
52
4713
6366
3115
5412
5410
1650
7774
2694
8783
4080
8689
3635
1455
1565
2650
3092
720
44
5209
4535
2609
4314
7641
2757
7175
2743
269
7527
5970
7617
622
7153
4618
6870
5425
7356
8625
7401
1040
7496
5617
5707
6152
8531
2535
8042
624
7630
7307
9509
1677
950
8350
6797
5497
9465
8325
4689
1355
5389
1923
2841
4568
1783
5834
7786
6955
4430
2932
5898
7262
8345
3354
2142
1355
963
7834
8463
9571
4687
6123
6815
4120
2081
2877
2404
9120
9341
2546
318
3877
331
7065
1804
6212
5382
824
6317
8874
6108
7362
8804
1588
6681
450
7864
7636
2757
2185
9364
3034
5064
6227
7908
6641
3604
4297
1772
8445
9726
726
1538
4560
8065
1288
9746
8385
4636
2896
2365
6189
824
682
7728
9480
1395
6030
7926
271
7908
9811
4095
4327
3856
5125
7586
641
3582
6788
1374
9839
6043
2170
2669
2395
62
7728
7441
6474
8230
512
8044
3120
9960
7379
6555
8730
7428
5434
516
8702
6077
9501
5870
5440
4581
2506
5397
1288
2404
2830
8322
9539
9746
9074
291
8740
8932
8391
7267
6474
7496
9364
9241
3682
545
6505
9569
7307
5580
3597
4686
62
2765
6407
5362
597
2200
9002
3905
3171
852
9693
2712
2546
6966
7039
2070
7209
2508
1844
7410
9178
7835
4498
5010
496
3488
1259
8734
5703
3284
28
9255
4883
1571
1253
6815
6233
4057
5410
4854
5091
4510
1692
5492
382
1346
6817
5970
6719
2395
625
7349
8827
7379
8947
2466
7479
6429
450
4100
200
1750
9690
68
3682
9510
2052
5627
7029
9392
1767
2775
3641
6924
9382
8804
30
7334
2060
1626
4888
8728
4
7929
7301
9754
348
8821
1632
1077
9693
2506
9877
3536
8340
4213
9676
5306
9775
1221
8744
1768
2215
1622
1939
8874
3877
5010
323
7933
9992
6308
245
7009
9667
668
1036
9554
9977
6826
2795
1923
4098
7092
6315
8695
7983
2758
7791
8253
7070
7895
5677
833
6045
9181
5474
3397
9010
2609
9644
9500
6673
9902
9845
2644
9171
9885
1433
5325
801
2445
3454
1077
7606
2968
5685
2572
1088
2065
7496
217
2279
1496
754
9458
6510
2183
7327
4473
2454
4966
3021
155
719
8853
7256
8804
9672
6104
8392
6977
4430
1767
6131
3080
2432
7298
5507
7561
1067
4214
1728
64
556
8729
8989
5891
643
2695
7606
5556
3845
6104
1538
5412
7260
598
8754
4661
5981
5008
604
3450
7690
1513
9500
2495
2741
1319
6505
6215
4684
8123
404
6343
4498
4473
874
7736
4181
400
6989
5588
5049
1696
4213
9988
6827
3231
3537
6209
1308
5977
4335
6123
1247
1767
5967
2385
2762
410
6080
8578
2422
514
8240
4739
8374
1288
1859
8123
3917
900
6626
3177
4979
4034
7666
3818
1750
7051
3657
5981
3115
3787
4462
5425
7461
1017
5082
5051
8378
8350
2567
4359
6478
5766
5574
3323
8046
1921
9430
8730
9639
5209
7175
4437
2183
6510
8385
5703
3176
9418
1804
1239
2344
4447
9321
9306
4909
7039
9682
9241
7779
2212
8859
5936
9122
6087
2030
1749
5412
2348
1876
1319
2625
3810
9782
4397
3211
7740
4360
792
4218
2185
1768
9891
4029
4678
852
1626
8609
6596
5275
5504
2959
747
8363
1504
6123
1897
6754
87
4113
4876
8558
7866
9029
6355
3211
604
9029
5051
9845
7568
9611
4184
7835
564
7445
937
6181
1238
3813
6315
6231
5768
2415
1395
6277
5970
2589
1471
4493
4360
7860
833
9135
7441
7234
9917
1144
8685
6
535
2015
6131
4037
1069
3660
5719
6003
1020
9065
4457
6862
6510
6338
71
6203
4283
7464
989
5917
6198
9317
5699
5566
7471
4437
9494
9125
1374
3773
2279
9215
8347
5125
1031
4844
8695
5837
1232
496
769
2089
3959
713
719
2485
1728
3354
6047
30
1943
5150
8233
7805
824
5797
9726
376
6687
588
9611
6639
7301
7169
7929
376
6412
4683
4881
3326
3290
4418
4253
8859
6329
726
660
753
2369
8859
3299
5362
2422
4327
3133
8132
2765
2200
7481
553
4095
5
688
2750
5919
4618
7924
8105
8308
5095
3856
9261
3424
2387
6788
3580
2711
4100
2572
2131
2754
3856
8308
2047
2700
806
6815
9321
5635
3265
6646
8764
7983
2261
7232
3560
9147
4163
7440
9181
3902
3933
4630
931
5150
3902
1648
7229
2018
5704
9533
1576
8181
564
8579
4253
4755
5077
6998
6652
2385
4581
1303
3231
6168
8609
1433
5230
7828
3325
9723
3929
914
7792
9029
4399
4115
5979
8587
2148
8515
4591
5816
6478
8640
1191
6275
7713
7891
1565
5578
2947
8932
142
1989
9660
688
9550
4462
7713
9424
256
754
9341
8882
688
1557
1804
815
908
8821
5422
8658
987
2597
4273
6825
6277
9053
6315
1022
5720
7287
717
2108
4740
1259
8748
6171
9315
4620
1069
28
2088
7981
9074
8461
5295
7982
1056
7441
2164
4560
597
8190
5095
9988
7831
7481
9487
7169
4409
1363
4568
9156
4338
2286
7490
1921
9932
4689
8140
2762
4447
5633
1008
664
9199
5259
1923
4418
4120
648
8211
7921
2313
4355
1585
8243
7070
5010
2196
6407
4163
1670
4489
6580
1408
6843
6189
2730
4181
2248
5035
4473
8730
514
5896
6016
3282
4400
2142
4739
5131
7070
379
4113
7388
2775
9551
7123
9492
5870
6825
6724
2711
1817
5703
3724
9582
6597
9704
818
4400
8765
7075
806
8697
7012
8186
1507
5426
2999
7895
8130
8385
5497
4560
9430
3231
348
5803
7153
3779
2956
3455
4368
1668
1209
1102
1777
4923
1941
6505
2845
9832
5035
2495
2762
7895
200
4454
5009
6345
6045
4132
992
3067
1957
6616
841
3064
8720
5306
7785
1892
3133
9456
3650
7086
8057
7136
4915
7232
23
6313
6751
7349
8516
3078
3051
1162
1246
9993
8748
633
269
3260
5127
4909
3927
8685
812
9182
4034
3559
3953
2830
4755
7606
7460
1404
410
5174
7311
9239
5457
6789
3582
9182
1500
2589
2169
6463
8513
9341
8148
5412
9703
433
3841
291
865
3097
8322
1893
1764
7255
1661
1957
1496
9533
1533
2700
2279
8204
4661
9977
7255
1744
7488
4874
582
841
249
9492
9341
595
331
6580
3905
9937
4092
501
8980
448
5316
6810
423
4844
2758
4214
3107
5019
9010
8419
8584
9692
5425
5446
8003
6662
6589
5803
4544
5294
6966
514
7239
588
1599
3895
8350
9220
1672
100
7641
2108
6225
4165
5451
4705
5891
5394
5356
2246
5290
4888
2645
2088
8797
1953
9907
296
7057
937
5049
2046
239
6866
4377
393
6580
2185
9692
1202
8570
5716
588
799
8411
5325
3326
9315
4881
8204
2185
6989
4115
1967
8419
8148
8748
4146
3842
2896
6670
7112
4367
8325
9010
1817
6071
3870
8337
4368
3110
8130
4132
969
3917
5412
8810
2765
1319
9884
8204
5281
2803
2843
2695
8754
3613
2058
2315
6587
6233
5797
6345
6555
5394
9279
1849
393
30
2037
6918
6492
9083
1451
1907
5227
6539
3938
7702
592
2879
3307
7035
4008
1355
4854
2031
4009
1985
3424
4111
9640
7779
5680
2404
2762
557
7029
5057
2322
6453
2445
4347
4181
747
7355
957
4008
6788
6966
1319
9171
4006
3520
9775
410
501
3136
4111
9902
5741
4400
4687
4132
1485
3454
2118
5279
2248
8198
2079
9380
6279
2982
7029
5755
9008
2112
7583
2369
1500
648
8734
6585
1363
3861
6113
742
1395
7337
6215
582
9866
2801
6617
6920
4184
5703
9158
8835
826
4115
5426
9408
245
726
6108
6227
7882
5574
5014
1327
3323
5697
4580
1413
1288
586
2875
4397
6273
5166
6159
7284
9754
2185
8582
1075
5996
9458
6187
6554
9578
1557
720
1062
3560
9839
4947
8340
9456
9131
4370
5350
5410
1983
6510
570
1216
9672
9100
2011
1247
6800
198
9974
1025
7786
4009
4181
3315
5504
794
7226
817
3060
1807
2932
7018
3536
8443
111
5446
3110
245
984
7921
23
6740
9493
800
1404
3660
2657
4746
5994
826
695
5987
243
5320
7948
1362
1703
2215
7617
4686
6963
1191
6617
1009
9426
9698
8737
2039
5867
3224
3818
6453
5019
2837
8358
8253
3874
1330
8875
8187
4256
6530
5214
7583
3183
8003
5803
9487
9061
8597
4279
6792
8934
4947
8459
9566
4013
1014
8497
2964
5320
217
9932
8337
1756
2522
6343
2039
9465
489
1804
2553
4581
9135
7239
514
8642
7019
9877
1107
4009
6836
7958
1008
6233
5389
2419
6256
8232
6215
3253
2959
2279
9010
52
1526
6203
1040
5014
5993
3938
6567
2112
8071
271
1582
9586
7194
2230
8627
6559
2072
4308
9155
2146
514
5009
8425
3874
1052
3185
2070
1626
3635
6587
9578
379
1399
9675
6317
7641
7728
8308
2341
4651
291
6758
1756
824
2776
4661
8642
3316
1833
9255
9664
5294
3899
8379
9739
1378
331
4878
3631
4368
7789
6530
6662
6337
9933
2982
1292
5666
3596
8385
318
6308
393
536
2081
1781
5719
4397
6113
417
2137
3641
8835
6343
9480
118
9131
155
8044
403
1385
1750
1703
5163
2116
6631
7362
5516
7051
1020
8296
7461
9122
111
4037
9120
1812
692
7528
6836
2837
3582
7672
2606
9810
5896
6366
5294
3210
8308
5295
8297
9510
5970
1188
496
2564
9682
4314
579
6326
6117
9104
1538
6970
1276
5981
9135
1408
9149
2108
8781
1947
4809
2768
6244
6553
1348
536
1977
1235
7440
1670
688
2441
9693
8920
1833
6198
7835
448
9243
4
2419
8378
623
9061
3488
4338
4308
2925
9866
7860
6587
5457
1860
9241
8932
801
3993
4661
5936
6860
47
1812
8065
8363
5057
1288
664
628
2454
582
5422
410
6836
4006
5057
4891
5091
2645
459
2420
8835
2645
4852
4060
5082
9147
3842
3723
536
3697
3201
3582
6636
5720
6308
3299
2246
8536
2567
6
3765
8243
5154
7624
9000
6339
1346
570
5720
3660
5736
8763
5655
1022
6641
5410
8920
3582
9533
7001
8130
6279
8565
9265
8379
8549
6448
1287
6107
1022
3485
4630
4445
8419
7070
8515
3733
477
9315
3097
4398
9551
8172
1804
3241
2467
2060
6016
8186
8373
2117
753
1000
8565
6338
7879
2762
477
5574
6826
8934
853
799
3724
4451
5064
412
5203
7982
245
1395
4215
4370
4945
6183
4546
2234
6315
7853
1817
7194
4399
3290
7662
9311
5716
6788
6626
1128
8322
7388
9127
8322
1654
914
2
948
7197
9122
2959
7773
2069
4104
1287
6171
2553
2069
8104
1496
7773
3959
1768
4648
5069
3874
9802
7840
6030
5008
3397
4398
158
9053
5431
9397
117
1102
6225
364
5077
2434
1238
1584
2022
3120
769
824
7528
9533
8537
3856
9501
2112
3813
7057
8330
3762
7035
91
7490
2751
9644
7561
147
1807
2782
2687
957
1355
3686
7019
7785
6277
8230
6797
682
1590
9754
380
1812
806
815
6307
6313
7948
950
6678
9002
2116
2331
9341
6866
9081
9644
2122
3472
447
6920
2081
7175
2750
648
6003
1221
2039
8186
553
3421
9000
815
4371
7773
1702
1053
7136
3352
2253
6091
3177
4095
2296
3917
9065
4683
5987
111
3133
9441
5699
2196
2782
4891
3318
8776
5697
6307
2169
2036
2140
4824
1395
5488
28
987
914
7368
2022
2169
8003
6478
2857
5370
7262
5247
5166
5163
4957
2022
501
3325
2757
6043
4489
7464
6521
6337
9712
9261
9426
1092
3051
9280
9582
2395
3697
4945
6451
969
638
9927
1576
8819
200
7029
34
6589
2385
3641
2205
3472
6273
4966
7736
1977
1066
2406
7541
7853
9810
3106
1710
2252
4295
8347
579
4222
3231
4080
2036
4713
1009
8754
3868
1188
1327
5045
4892
9726
2242
6792
9932
9640
794
7920
1053
2020
6673
376
5643
6152
4892
526
7982
5053
6474
5711
9550
769
2031
907
6131
3559
7583
7637
17
2625
1366
7186
7835
7944
9678
7184
5627
698
3686
984
8732
5516
5666
3299
5848
1345
2845
8740
14
6194
5492
1482
3496
4315
4514
4214
664
2077
8651
9644
9156
7849
4283
454
795
2089
6589
2876
1772
5504
9243
2332
9155
2754
8392
8719
9739
239
2439
564
3455
3611
1209
8853
5401
1533
8728
3972
8720
8211
1565
579
984
2022
9147
1977
6598
8186
2931
8446
1053
1947
8853
1929
3051
8317
147
3895
6257
2142
2567
5134
1288
8584
1092
3112
3060
8497
1756
931
1451
9927
8240
2432
2185
9656
9896
9120
3773
4764
6279
6343
817
453
9655
7428
1876
989
669
455
9839
7779
9322
7232
7785
2757
818
4359
4874
6626
6843
4399
361
865
4617
3657
976
7852
4154
2589
8642
8157
7011
1692
4705
5697
4631
3107
4154
633
4630
2032
8516
2925
7197
4370
5703
8563
7337
8363
5134
865
5410
269
1016
2205
235
3638
4302
931
2841
4729
7490
3946
8513
47
8579
8778
559
4888
5279
1246
3106
1323
2164
7656
5689
4034
2671
1155
249
7410
364
6559
7255
5234
2399
4852
8389
7785
5979
2
7301
1878
2253
5479
1247
5394
1062
1308
7953
8045
100
3707
4335
6307
2896
2089
4729
6085
821
9682
7229
245
2325
9746
2030
5259
2825
588
1672
249
9896
7798
9903
7713
2205
203
380
5917
9352
7343
948
5666
3733
2564
9
4560
4165
1447
5014
5090
2954
5766
4367
4892
7849
79
1020
7039
7541
9727
5127
4060
2137
1513
5422
3315
559
8932
1056
4256
1565
7479
7076
4039
2313
6481
2911
6636
1720
8516
1730
6366
4445
2700
9352
1673
9660
454
1891
68
5247
6636
2252
3613
4939
9611
3905
2687
6193
2657
8186
2425
5488
8095
5010
6231
7797
1447
3241
5970
1239
6181
2419
3185
1953
8175
9029
6081
6639
6189
1406
6275
158
7086
4710
9655
6585
3484
3638
8536
5069
1014
6646
1650
5666
400
4120
2286
5711
7481
7791
2010
9739
4163
5987
9315
1103
255
6958
8179
9703
5362
1433
559
9029
8513
733
3779
8373
557
9584
1040
9149
914
2815
501
9877
4057
7036
9220
1947
1788
6754
2414
1045
5917
5243
8695
5350
6339
1232
76
9992
585
795
2385
453
1629
596
4303
979
1330
2837
7076
4154
7337
6329
4729
4283
9008
1471
9163
7948
8523
4034
4807
7343
1557
6673
4165
1947
4824
2644
6724
1939
5434
6791
9158
3787
1585
969
8232
1967
1232
8490
2644
8378
7070
7496
4712
8198
6193
2081
2597
6420
1069
1923
52
1162
2711
1740
9374
2387
2010
9660
937
9209
1287
44
4544
1064
4807
2597
6256
7255
1533
1710
1844
8776
818
9933
8853
8350
8597
624
6070
2461
7929
8044
6181
5320
1298
331
4022
7921
8389
1355
376
79
4684
7401
2837
1062
47
1247
6194
1459
3845
1749
7076
4694
5090
7527
393
7464
4398
2234
874
6183
6187
6329
1907
8556
1206
3580
718
4807
6313
5064
9810
2845
87
8625
9010